image,ALB,BET,DOL,LAG,NoF,OTHER,SHARK,YFT
img_00005.jpg,0.221730,0.006280,0.011419,0.000863,0.719450,0.015142,0.004141,0.020974
img_00007.jpg,0.442479,0.081756,0.013426,0.060403,0.067496,0.058864,0.016705,0.258870
img_00009.jpg,0.522857,0.116275,0.012540,0.058433,0.042463,0.193346,0.007320,0.046766
img_00018.jpg,0.662146,0.104285,0.008421,0.047869,0.022224,0.067640,0.007594,0.079822
img_00027.jpg,0.321869,0.022529,0.018640,0.005877,0.021368,0.063515,0.137907,0.408294
img_00030.jpg,0.444388,0.037895,0.017139,0.002992,0.386268,0.013188,0.031739,0.066390
img_00040.jpg,0.360723,0.021251,0.029473,0.010096,0.010791,0.051043,0.177306,0.339316
img_00046.jpg,0.632119,0.015278,0.017050,0.001634,0.244702,0.011767,0.020533,0.056917
img_00053.jpg,0.755885,0.033034,0.011250,0.018880,0.052970,0.049824,0.004557,0.073600
img_00071.jpg,0.348859,0.052341,0.038433,0.180023,0.163558,0.121481,0.046231,0.049075
img_00075.jpg,0.349035,0.242339,0.007670,0.049041,0.078926,0.114188,0.007182,0.151618
img_00102.jpg,0.354402,0.037866,0.024982,0.012353,0.015356,0.197163,0.073822,0.284056
img_00103.jpg,0.465405,0.117947,0.025375,0.098038,0.017279,0.208586,0.010794,0.056576
img_00109.jpg,0.707703,0.012243,0.008740,0.001504,0.210899,0.002732,0.010330,0.045849
img_00119.jpg,0.052485,0.011359,0.004624,0.001280,0.897016,0.011483,0.001310,0.020443
img_00120.jpg,0.338242,0.042496,0.030948,0.005816,0.024326,0.096198,0.113222,0.348753
img_00125.jpg,0.513868,0.088522,0.011127,0.060472,0.030486,0.098698,0.011129,0.185697
img_00128.jpg,0.034834,0.047711,0.154870,0.001729,0.019990,0.020529,0.007659,0.712678
img_00129.jpg,0.340124,0.032131,0.032983,0.017968,0.013540,0.071040,0.135853,0.356360
img_00133.jpg,0.407353,0.086549,0.007128,0.061321,0.169707,0.203759,0.006842,0.057340
img_00138.jpg,0.514413,0.038621,0.023037,0.018690,0.128642,0.041866,0.009205,0.225527
img_00141.jpg,0.036617,0.042633,0.116240,0.002248,0.019125,0.015673,0.006952,0.760512
img_00152.jpg,0.098461,0.026047,0.116166,0.012086,0.010930,0.146081,0.011198,0.579031
img_00161.jpg,0.059018,0.019090,0.030914,0.003151,0.159989,0.062789,0.016624,0.648426
img_00164.jpg,0.080483,0.005660,0.051473,0.002902,0.678467,0.035656,0.012200,0.133160
img_00170.jpg,0.517354,0.052792,0.028959,0.055401,0.105658,0.168945,0.003564,0.067326
img_00171.jpg,0.509623,0.050373,0.018556,0.089885,0.077007,0.148238,0.006760,0.099558
img_00172.jpg,0.075034,0.007505,0.016940,0.000896,0.873716,0.006632,0.004149,0.015126
img_00175.jpg,0.418893,0.065461,0.015273,0.130454,0.107991,0.172095,0.008692,0.081142
img_00180.jpg,0.210388,0.019354,0.041512,0.019294,0.248225,0.110762,0.019929,0.330536
img_00196.jpg,0.080902,0.020692,0.006032,0.001293,0.848730,0.011903,0.004155,0.026293
img_00212.jpg,0.497580,0.022168,0.014221,0.008886,0.192436,0.033467,0.028353,0.202889
img_00223.jpg,0.629399,0.026071,0.038978,0.009872,0.085327,0.070524,0.006070,0.133760
img_00230.jpg,0.558218,0.064113,0.016929,0.025426,0.005554,0.141425,0.017209,0.171127
img_00232.jpg,0.043531,0.105160,0.009676,0.006386,0.089804,0.007820,0.712662,0.024961
img_00244.jpg,0.663439,0.122315,0.004912,0.026640,0.042807,0.081608,0.010037,0.048242
img_00272.jpg,0.750031,0.036329,0.024466,0.009431,0.019208,0.089530,0.003314,0.067691
img_00280.jpg,0.431584,0.016111,0.022247,0.003236,0.460847,0.022009,0.000453,0.043512
img_00282.jpg,0.368926,0.066384,0.014879,0.094177,0.106221,0.263629,0.006893,0.078890
img_00285.jpg,0.425475,0.090231,0.019146,0.008038,0.040250,0.070322,0.167897,0.178641
img_00289.jpg,0.388379,0.043962,0.039705,0.006044,0.319662,0.149162,0.004297,0.048791
img_00292.jpg,0.316132,0.042406,0.015053,0.009715,0.007772,0.130153,0.152580,0.326189
img_00302.jpg,0.313572,0.036429,0.031349,0.012378,0.012181,0.075981,0.165653,0.352457
img_00311.jpg,0.709642,0.049179,0.017505,0.003154,0.109071,0.019532,0.011476,0.080440
img_00320.jpg,0.818831,0.042614,0.020038,0.003063,0.057435,0.008601,0.005851,0.043568
img_00331.jpg,0.375595,0.046024,0.049964,0.008928,0.045304,0.155607,0.116705,0.201873
img_00358.jpg,0.359263,0.014492,0.014013,0.008918,0.023402,0.174885,0.092140,0.312887
img_00374.jpg,0.663853,0.041208,0.008746,0.022061,0.011007,0.132732,0.006922,0.113471
img_00375.jpg,0.501358,0.067456,0.039536,0.015866,0.140748,0.179713,0.006331,0.048993
img_00376.jpg,0.469176,0.035535,0.026126,0.009523,0.033356,0.077917,0.117397,0.230972
img_00380.jpg,0.567586,0.034088,0.017448,0.011077,0.150861,0.150951,0.004040,0.063950
img_00383.jpg,0.563668,0.070610,0.018495,0.004777,0.164045,0.023801,0.065253,0.089351
img_00398.jpg,0.521742,0.033007,0.032487,0.006111,0.208655,0.042192,0.069179,0.086627
img_00407.jpg,0.759198,0.031896,0.026594,0.036645,0.038667,0.035475,0.002103,0.069423
img_00417.jpg,0.598818,0.020671,0.015138,0.007056,0.183045,0.026075,0.018456,0.130740
img_00432.jpg,0.285940,0.033490,0.174581,0.027871,0.124296,0.159275,0.016844,0.177703
img_00442.jpg,0.046080,0.028448,0.070105,0.001967,0.021270,0.060144,0.015072,0.756914
img_00446.jpg,0.741002,0.066672,0.003925,0.036028,0.071135,0.052615,0.005180,0.023444
img_00469.jpg,0.462443,0.163569,0.018419,0.052186,0.082192,0.110210,0.019020,0.091961
img_00473.jpg,0.707227,0.017730,0.041499,0.004534,0.118229,0.010616,0.001310,0.098856
img_00483.jpg,0.526534,0.028021,0.011328,0.003097,0.182322,0.006413,0.008543,0.233743
img_00484.jpg,0.460677,0.109701,0.010460,0.118200,0.121603,0.096295,0.013065,0.070000
img_00486.jpg,0.497629,0.048215,0.026006,0.025063,0.099593,0.133447,0.006381,0.163667
img_00487.jpg,0.196374,0.061397,0.013547,0.007435,0.651871,0.008505,0.029269,0.031601
img_00493.jpg,0.234478,0.035669,0.064783,0.010212,0.316499,0.057378,0.086837,0.194144
img_00518.jpg,0.790976,0.009658,0.017504,0.002726,0.108462,0.016221,0.027036,0.027417
img_00533.jpg,0.455382,0.039056,0.023272,0.009672,0.016508,0.106612,0.111512,0.237986
img_00538.jpg,0.536880,0.068839,0.016356,0.070645,0.048155,0.088084,0.009733,0.161309
img_00543.jpg,0.748483,0.039585,0.014847,0.002022,0.098563,0.011521,0.015170,0.069809
img_00550.jpg,0.422324,0.027646,0.130077,0.040322,0.107450,0.153201,0.012142,0.106837
img_00551.jpg,0.565418,0.034360,0.026471,0.036759,0.095457,0.161114,0.002909,0.077512
img_00564.jpg,0.114441,0.022034,0.062063,0.012833,0.551934,0.155453,0.013336,0.067906
img_00575.jpg,0.526425,0.036776,0.024508,0.005860,0.031464,0.089076,0.109604,0.176288
img_00582.jpg,0.595376,0.073284,0.010164,0.028827,0.072241,0.105164,0.004326,0.110617
img_00584.jpg,0.918531,0.008506,0.008734,0.000968,0.039155,0.003170,0.004998,0.015938
img_00587.jpg,0.504730,0.046246,0.014316,0.005331,0.018396,0.059855,0.082791,0.268335
img_00590.jpg,0.269392,0.023222,0.035172,0.008199,0.020378,0.132601,0.063198,0.447837
img_00591.jpg,0.395847,0.032730,0.036773,0.012605,0.015916,0.065206,0.068219,0.372704
img_00598.jpg,0.444411,0.181024,0.014461,0.072224,0.019537,0.104169,0.009484,0.154690
img_00599.jpg,0.465994,0.018851,0.019895,0.005745,0.016390,0.080317,0.123477,0.269331
img_00612.jpg,0.448411,0.024346,0.018277,0.003818,0.025966,0.281410,0.061561,0.136211
img_00618.jpg,0.410871,0.021122,0.016478,0.005082,0.461882,0.026201,0.007231,0.051132
img_00620.jpg,0.772046,0.019370,0.010399,0.007569,0.113914,0.033393,0.002816,0.040493
img_00642.jpg,0.347128,0.081471,0.047728,0.189649,0.013382,0.094573,0.017404,0.208665
img_00646.jpg,0.173602,0.042686,0.149493,0.010063,0.015362,0.040806,0.041214,0.526773
img_00648.jpg,0.740910,0.043391,0.011893,0.003784,0.093745,0.011706,0.009021,0.085550
img_00650.jpg,0.341801,0.027173,0.037877,0.008013,0.035515,0.207393,0.116024,0.226205
img_00654.jpg,0.648763,0.052189,0.026257,0.012432,0.053816,0.081813,0.004565,0.120166
img_00664.jpg,0.684765,0.058641,0.043253,0.009870,0.090411,0.005648,0.012006,0.095405
img_00667.jpg,0.027631,0.008828,0.003082,0.000913,0.940506,0.005034,0.001171,0.012834
img_00676.jpg,0.026638,0.010088,0.002379,0.001038,0.938710,0.008893,0.001242,0.011012
img_00697.jpg,0.055210,0.065181,0.170509,0.003804,0.036451,0.021956,0.010411,0.636479
img_00708.jpg,0.207571,0.029152,0.015314,0.003820,0.027565,0.223809,0.217350,0.275418
img_00716.jpg,0.168068,0.023029,0.013003,0.005680,0.011873,0.201537,0.172524,0.404286
img_00717.jpg,0.797241,0.032815,0.011509,0.024209,0.018910,0.073126,0.001907,0.040284
img_00718.jpg,0.612785,0.043985,0.011224,0.060376,0.065984,0.134620,0.004233,0.066794
img_00723.jpg,0.357357,0.044632,0.018144,0.004032,0.474566,0.013418,0.037287,0.050564
img_00724.jpg,0.360154,0.045517,0.022717,0.028034,0.151385,0.074180,0.144702,0.173311
img_00726.jpg,0.628344,0.046539,0.044631,0.003633,0.128045,0.021823,0.021425,0.105560
img_00729.jpg,0.734355,0.008450,0.028253,0.005576,0.135410,0.018942,0.025377,0.043639
img_00730.jpg,0.363828,0.031399,0.035124,0.009138,0.030828,0.072183,0.103329,0.354172
img_00757.jpg,0.795792,0.024033,0.029653,0.015643,0.027136,0.054958,0.007188,0.045595
img_00760.jpg,0.372343,0.108047,0.038899,0.161778,0.070686,0.160716,0.012418,0.075113
img_00763.jpg,0.175922,0.005656,0.008047,0.001284,0.761517,0.003634,0.000342,0.043597
img_00764.jpg,0.372627,0.044129,0.070027,0.004150,0.253422,0.008791,0.007310,0.239542
img_00765.jpg,0.265947,0.053263,0.010846,0.011712,0.034236,0.379174,0.048030,0.196791
img_00772.jpg,0.062664,0.065501,0.126400,0.000976,0.016606,0.005699,0.008997,0.713157
img_00773.jpg,0.545884,0.045870,0.057877,0.015136,0.088439,0.089126,0.005365,0.152302
img_00777.jpg,0.634274,0.105888,0.005259,0.051973,0.039817,0.124502,0.009726,0.028562
img_00780.jpg,0.086946,0.017142,0.090705,0.004346,0.015137,0.041929,0.023238,0.720557
img_00798.jpg,0.728306,0.056033,0.010000,0.039315,0.035404,0.043861,0.002782,0.084299
img_00808.jpg,0.683810,0.118180,0.006186,0.055886,0.012280,0.061151,0.003731,0.058777
img_00816.jpg,0.762398,0.018911,0.024570,0.002353,0.054215,0.009590,0.006170,0.121794
img_00828.jpg,0.009453,0.005213,0.004013,0.000958,0.953398,0.014928,0.004427,0.007610
img_00833.jpg,0.283230,0.035920,0.012343,0.003237,0.025829,0.144618,0.216127,0.278696
img_00837.jpg,0.463116,0.119511,0.011647,0.042652,0.021312,0.094086,0.010319,0.237357
img_00855.jpg,0.527082,0.056457,0.014560,0.055101,0.076264,0.133340,0.020673,0.116523
img_00857.jpg,0.775107,0.036032,0.031042,0.004400,0.097302,0.006962,0.007355,0.041800
img_00858.jpg,0.589538,0.014131,0.018143,0.012988,0.171946,0.046496,0.003847,0.142910
img_00865.jpg,0.590414,0.118983,0.016116,0.038629,0.024208,0.095205,0.008749,0.107696
img_00876.jpg,0.053879,0.008044,0.003484,0.001157,0.900386,0.012968,0.001968,0.018114
img_00889.jpg,0.119002,0.030967,0.143546,0.004037,0.055429,0.046003,0.009508,0.591508
img_00894.jpg,0.625016,0.026238,0.030757,0.002918,0.213372,0.011088,0.000953,0.089658
img_00902.jpg,0.063327,0.126552,0.007883,0.006446,0.185497,0.009759,0.585435,0.015102
img_00914.jpg,0.098289,0.064568,0.097122,0.003007,0.199923,0.031923,0.025877,0.479291
img_00921.jpg,0.443442,0.027006,0.036272,0.008634,0.029444,0.057127,0.101091,0.296985
img_00927.jpg,0.400971,0.030798,0.042006,0.013372,0.028625,0.072183,0.091257,0.320787
img_00943.jpg,0.497636,0.020964,0.014529,0.002782,0.125033,0.007520,0.014674,0.316862
img_00948.jpg,0.534639,0.033820,0.052091,0.006934,0.245912,0.018181,0.002175,0.106248
img_00950.jpg,0.572210,0.020579,0.063432,0.003388,0.234897,0.013262,0.005683,0.086549
img_00959.jpg,0.637519,0.029658,0.022858,0.012500,0.136133,0.048360,0.017917,0.095054
img_00962.jpg,0.080790,0.042706,0.130724,0.001738,0.064727,0.011151,0.016061,0.652103
img_00964.jpg,0.076392,0.043101,0.224502,0.003520,0.027600,0.051186,0.012004,0.561695
img_00966.jpg,0.277786,0.045626,0.016709,0.005537,0.312042,0.023361,0.028040,0.290899
img_00974.jpg,0.438376,0.058804,0.013819,0.098473,0.079428,0.086747,0.006313,0.218039
img_00979.jpg,0.055629,0.045947,0.088332,0.003020,0.002801,0.013871,0.025095,0.765306
img_00982.jpg,0.592736,0.129462,0.095226,0.002215,0.021948,0.021185,0.014543,0.122685
img_00985.jpg,0.326781,0.054200,0.011657,0.006165,0.004946,0.152302,0.154123,0.289825
img_00999.jpg,0.566215,0.018097,0.023504,0.004356,0.009486,0.057192,0.086317,0.234834
img_01022.jpg,0.604579,0.042092,0.002545,0.064676,0.109126,0.071030,0.002913,0.103038
img_01031.jpg,0.726867,0.018923,0.007782,0.006874,0.112973,0.087379,0.001833,0.037368
img_01035.jpg,0.638408,0.141400,0.003397,0.061403,0.040720,0.096000,0.003436,0.015237
img_01043.jpg,0.444243,0.130929,0.007981,0.023424,0.119995,0.090608,0.010247,0.172572
img_01058.jpg,0.564486,0.037431,0.022038,0.001140,0.060277,0.007587,0.003066,0.303976
img_01059.jpg,0.325132,0.030227,0.020335,0.011179,0.016456,0.318226,0.092300,0.186146
img_01090.jpg,0.553423,0.038027,0.029836,0.002054,0.335964,0.009793,0.005416,0.025487
img_01102.jpg,0.694834,0.083271,0.086123,0.006704,0.053740,0.010892,0.003804,0.060632
img_01103.jpg,0.381472,0.251280,0.028548,0.013922,0.025417,0.023100,0.028965,0.247296
img_01116.jpg,0.615107,0.040549,0.011969,0.038115,0.028279,0.061205,0.003750,0.201027
img_01134.jpg,0.620141,0.037143,0.014519,0.038994,0.070449,0.155321,0.002844,0.060588
img_01142.jpg,0.812465,0.020536,0.017716,0.002935,0.036172,0.041387,0.004884,0.063905
img_01168.jpg,0.234111,0.050023,0.045208,0.013624,0.067824,0.318384,0.077045,0.193780
img_01171.jpg,0.223916,0.019670,0.010885,0.004213,0.645909,0.006782,0.001098,0.087527
img_01177.jpg,0.640943,0.040844,0.023589,0.004935,0.108137,0.083957,0.012129,0.085467
img_01179.jpg,0.699631,0.073213,0.010298,0.055791,0.049200,0.053773,0.004663,0.053431
img_01188.jpg,0.234609,0.068052,0.018086,0.012178,0.039185,0.407027,0.059680,0.161183
img_01198.jpg,0.488099,0.065192,0.211421,0.008956,0.117106,0.021513,0.004985,0.082727
img_01204.jpg,0.019206,0.007620,0.004160,0.000644,0.949328,0.003539,0.000560,0.014944
img_01208.jpg,0.543982,0.019858,0.044557,0.002200,0.290190,0.010810,0.004342,0.084063
img_01211.jpg,0.391249,0.066828,0.077189,0.004292,0.275584,0.018506,0.029501,0.136852
img_01213.jpg,0.695496,0.086015,0.010834,0.036440,0.017833,0.082335,0.005902,0.065145
img_01222.jpg,0.661776,0.087481,0.006458,0.051058,0.030640,0.064988,0.030595,0.067004
img_01224.jpg,0.057990,0.014315,0.070467,0.001719,0.004835,0.006078,0.006450,0.838147
img_01237.jpg,0.458394,0.028892,0.039424,0.004089,0.188552,0.038149,0.058294,0.184206
img_01249.jpg,0.478527,0.052911,0.095503,0.033138,0.095528,0.162250,0.009659,0.072484
img_01253.jpg,0.081550,0.017403,0.048109,0.002628,0.211644,0.046423,0.014430,0.577814
img_01286.jpg,0.391243,0.063296,0.019946,0.029964,0.297056,0.099393,0.019516,0.079586
img_01289.jpg,0.221849,0.039755,0.026746,0.015122,0.030155,0.229352,0.134215,0.302805
img_01325.jpg,0.491628,0.032163,0.045180,0.005169,0.250501,0.014274,0.009429,0.151657
img_01328.jpg,0.683622,0.054157,0.023697,0.047447,0.015729,0.103930,0.009361,0.062056
img_01366.jpg,0.458861,0.049520,0.014449,0.107224,0.065863,0.209439,0.008692,0.085952
img_01371.jpg,0.389173,0.153969,0.028162,0.004312,0.300251,0.015081,0.007253,0.101798
img_01373.jpg,0.460077,0.031789,0.040171,0.015842,0.067003,0.097657,0.007746,0.279715
img_01377.jpg,0.603379,0.045718,0.023554,0.030664,0.173837,0.046757,0.007823,0.068268
img_01379.jpg,0.444074,0.098873,0.024213,0.015913,0.039663,0.285008,0.005802,0.086454
img_01384.jpg,0.353102,0.026276,0.181135,0.032642,0.104128,0.163578,0.011183,0.127957
img_01388.jpg,0.599608,0.057661,0.020106,0.017586,0.024413,0.223140,0.007852,0.049635
img_01392.jpg,0.081447,0.101924,0.183306,0.001862,0.026824,0.030459,0.010524,0.563655
img_01399.jpg,0.067273,0.095218,0.128923,0.003570,0.079851,0.027751,0.014686,0.582729
img_01404.jpg,0.517449,0.067432,0.013411,0.092680,0.025706,0.052812,0.006303,0.224208
img_01405.jpg,0.784061,0.063372,0.003689,0.019583,0.036142,0.045082,0.004391,0.043681
img_01413.jpg,0.641977,0.057804,0.010798,0.054988,0.046081,0.041317,0.003851,0.143184
img_01426.jpg,0.506243,0.241385,0.009678,0.016545,0.024007,0.040120,0.011356,0.150667
img_01431.jpg,0.386916,0.121063,0.038303,0.153986,0.045424,0.125398,0.016339,0.112570
img_01441.jpg,0.078656,0.023819,0.131052,0.003575,0.120483,0.051253,0.018275,0.572887
img_01444.jpg,0.474117,0.016821,0.015260,0.004880,0.024517,0.166428,0.058007,0.239969
img_01490.jpg,0.057875,0.032557,0.224931,0.003951,0.012855,0.026501,0.009325,0.632005
img_01495.jpg,0.437704,0.120036,0.008752,0.038019,0.013970,0.155270,0.006589,0.219661
img_01505.jpg,0.021789,0.008076,0.002421,0.000786,0.950881,0.004613,0.001303,0.010130
img_01511.jpg,0.581402,0.037448,0.029367,0.018952,0.098947,0.160370,0.006898,0.066615
img_01519.jpg,0.220266,0.054741,0.033005,0.011858,0.009105,0.215548,0.212356,0.243120
img_01530.jpg,0.601671,0.027100,0.028899,0.005507,0.248988,0.019622,0.001949,0.066265
img_01537.jpg,0.749205,0.017667,0.014944,0.007622,0.058285,0.087048,0.004899,0.060329
img_01538.jpg,0.529252,0.088590,0.009321,0.033165,0.078573,0.146928,0.008780,0.105390
img_01541.jpg,0.012446,0.003012,0.005521,0.001047,0.951973,0.013398,0.002590,0.010012
img_01543.jpg,0.548836,0.014036,0.044465,0.001545,0.277728,0.011358,0.012374,0.089660
img_01548.jpg,0.737628,0.015432,0.034336,0.002342,0.076372,0.010007,0.006502,0.117381
img_01552.jpg,0.816580,0.040482,0.020675,0.007873,0.051732,0.009244,0.006593,0.046821
img_01561.jpg,0.139071,0.044909,0.034286,0.004016,0.654971,0.042060,0.009074,0.071614
img_01562.jpg,0.420159,0.032498,0.029194,0.008437,0.033250,0.088362,0.090134,0.297966
img_01571.jpg,0.238718,0.053347,0.025312,0.002709,0.116467,0.017563,0.026210,0.519675
img_01593.jpg,0.344311,0.020620,0.029393,0.009984,0.009321,0.146620,0.079602,0.360149
img_01595.jpg,0.111119,0.005085,0.007168,0.000775,0.841772,0.004296,0.003355,0.026431
img_01616.jpg,0.516165,0.032589,0.047185,0.003776,0.208814,0.025032,0.077004,0.089436
img_01618.jpg,0.508840,0.124316,0.004751,0.056283,0.060339,0.178811,0.008666,0.057995
img_01627.jpg,0.746047,0.066237,0.009420,0.040260,0.011612,0.083490,0.006032,0.036902
img_01632.jpg,0.815837,0.013956,0.016382,0.001076,0.040309,0.007190,0.002664,0.102586
img_01633.jpg,0.434474,0.044599,0.032656,0.008268,0.023374,0.283200,0.041893,0.131537
img_01640.jpg,0.712405,0.067285,0.023590,0.003248,0.077071,0.018629,0.013506,0.084268
img_01646.jpg,0.690039,0.120389,0.005403,0.035618,0.029075,0.023652,0.005033,0.090792
img_01647.jpg,0.392070,0.039864,0.018162,0.009761,0.373509,0.010328,0.033419,0.122887
img_01649.jpg,0.581683,0.052535,0.006754,0.043032,0.167762,0.052437,0.057548,0.038249
img_01657.jpg,0.056852,0.084978,0.231434,0.003921,0.028838,0.017835,0.012839,0.563303
img_01669.jpg,0.415445,0.091305,0.054642,0.128909,0.076433,0.119245,0.018211,0.095810
img_01673.jpg,0.602381,0.066933,0.031497,0.011493,0.194584,0.011813,0.052226,0.029073
img_01681.jpg,0.393366,0.017131,0.025954,0.002223,0.230138,0.015008,0.004502,0.311678
img_01684.jpg,0.358132,0.105449,0.017438,0.037565,0.020787,0.144296,0.009246,0.307086
img_01685.jpg,0.217397,0.022951,0.139515,0.027089,0.181212,0.221921,0.013706,0.176208
img_01687.jpg,0.439053,0.057173,0.048356,0.009925,0.022192,0.057775,0.156249,0.209277
img_01688.jpg,0.262377,0.036365,0.019840,0.008433,0.022824,0.266566,0.129098,0.254497
img_01689.jpg,0.079880,0.017232,0.087194,0.002348,0.036734,0.042124,0.017099,0.717390
img_01716.jpg,0.008154,0.004163,0.004054,0.001074,0.954850,0.016040,0.002803,0.008864
img_01717.jpg,0.299371,0.037052,0.019486,0.002094,0.560099,0.007667,0.026462,0.047769
img_01724.jpg,0.701263,0.030801,0.024587,0.010107,0.056294,0.090445,0.008642,0.077862
img_01745.jpg,0.664772,0.057772,0.029093,0.026170,0.046261,0.114318,0.016211,0.045404
img_01771.jpg,0.651968,0.071641,0.017112,0.035771,0.020673,0.056544,0.011455,0.134837
img_01773.jpg,0.417894,0.027958,0.034461,0.004923,0.014628,0.081804,0.104606,0.313727
img_01781.jpg,0.319513,0.021637,0.014674,0.146978,0.248172,0.132185,0.011482,0.105359
img_01782.jpg,0.310088,0.013224,0.013265,0.002328,0.621712,0.007200,0.006286,0.025898
img_01802.jpg,0.554406,0.076909,0.101038,0.010257,0.188887,0.017718,0.028097,0.022687
img_01803.jpg,0.089599,0.049505,0.194840,0.002687,0.045961,0.042295,0.007953,0.567161
img_01824.jpg,0.421731,0.044086,0.037143,0.005976,0.029779,0.327458,0.041864,0.091964
img_01825.jpg,0.469285,0.048042,0.053274,0.011005,0.305801,0.019578,0.005439,0.087576
img_01831.jpg,0.481446,0.057870,0.022667,0.061963,0.092800,0.196652,0.002819,0.083782
img_01834.jpg,0.102925,0.032021,0.065412,0.004590,0.013068,0.016175,0.016356,0.749453
img_01847.jpg,0.351399,0.027707,0.029285,0.014342,0.009193,0.175832,0.081032,0.311210
img_01853.jpg,0.433259,0.028312,0.044756,0.012054,0.037370,0.077793,0.063232,0.303223
img_01856.jpg,0.753222,0.019908,0.021896,0.005355,0.136329,0.008580,0.003844,0.050866
img_01860.jpg,0.496913,0.030188,0.027146,0.005332,0.059969,0.051511,0.128055,0.200887
img_01862.jpg,0.624883,0.033586,0.046870,0.008134,0.084020,0.105005,0.010874,0.086628
img_01874.jpg,0.405564,0.050081,0.036974,0.008323,0.049013,0.114175,0.075011,0.260859
img_01888.jpg,0.286609,0.057571,0.021622,0.015480,0.047475,0.359011,0.053403,0.158830
img_01918.jpg,0.598863,0.052134,0.040587,0.090417,0.036931,0.069766,0.054714,0.056588
img_01930.jpg,0.530002,0.031826,0.026292,0.007291,0.211766,0.136588,0.005046,0.051191
img_01932.jpg,0.443165,0.185137,0.016797,0.043245,0.059209,0.140022,0.016448,0.095977
img_01955.jpg,0.115696,0.028266,0.035547,0.002486,0.274808,0.014588,0.020368,0.508240
img_01963.jpg,0.737228,0.010888,0.027458,0.001854,0.156050,0.006289,0.003952,0.056282
img_01966.jpg,0.803510,0.040901,0.003136,0.015955,0.007283,0.037517,0.006462,0.085236
img_01976.jpg,0.697033,0.072608,0.014829,0.001837,0.014581,0.012794,0.008594,0.177725
img_01983.jpg,0.255077,0.018214,0.076594,0.006765,0.500683,0.015715,0.011079,0.115873
img_01984.jpg,0.501563,0.129257,0.038317,0.032916,0.026388,0.088913,0.004397,0.178249
img_01995.jpg,0.190435,0.010060,0.009757,0.008616,0.031838,0.546605,0.066941,0.135748
img_01996.jpg,0.321061,0.039266,0.030895,0.006327,0.054470,0.401902,0.051342,0.094735
img_02001.jpg,0.295933,0.021164,0.034332,0.007154,0.033240,0.133643,0.128624,0.345910
img_02006.jpg,0.458401,0.048182,0.031117,0.019258,0.174909,0.204569,0.001874,0.061689
img_02066.jpg,0.539445,0.062412,0.052506,0.013336,0.108593,0.084391,0.018558,0.120759
img_02074.jpg,0.629426,0.038646,0.018398,0.040781,0.074480,0.040061,0.002317,0.155890
img_02076.jpg,0.810490,0.034729,0.018177,0.002938,0.074277,0.011509,0.002680,0.045200
img_02077.jpg,0.431545,0.072787,0.023506,0.098277,0.065797,0.158336,0.007182,0.142569
img_02078.jpg,0.104154,0.010728,0.043705,0.000426,0.636666,0.017605,0.003226,0.183491
img_02082.jpg,0.384252,0.017993,0.030100,0.003361,0.361407,0.036624,0.099035,0.067227
img_02083.jpg,0.426836,0.069986,0.006703,0.049328,0.280153,0.117853,0.006762,0.042379
img_02096.jpg,0.725431,0.012618,0.032289,0.002803,0.055330,0.012765,0.028173,0.130592
img_02119.jpg,0.622772,0.032334,0.052509,0.008835,0.092400,0.070494,0.006443,0.114214
img_02124.jpg,0.288814,0.041835,0.025700,0.010368,0.074949,0.339209,0.100946,0.118178
img_02135.jpg,0.303058,0.072262,0.021814,0.060960,0.447691,0.031964,0.031991,0.030258
img_02146.jpg,0.523060,0.030055,0.020696,0.007173,0.332683,0.021609,0.005616,0.059108
img_02159.jpg,0.284701,0.017492,0.055982,0.038378,0.233351,0.290608,0.004959,0.074529
img_02172.jpg,0.700589,0.030832,0.023696,0.008296,0.040809,0.122047,0.005817,0.067913
img_02180.jpg,0.326229,0.068314,0.031177,0.017423,0.021165,0.121821,0.097418,0.316453
img_02188.jpg,0.439222,0.054159,0.024755,0.007389,0.028891,0.132403,0.096853,0.216328
img_02194.jpg,0.756078,0.017425,0.024641,0.010635,0.103819,0.055180,0.005198,0.027024
img_02209.jpg,0.400921,0.028208,0.020590,0.006356,0.035917,0.393225,0.039198,0.075585
img_02216.jpg,0.311334,0.029682,0.035782,0.004842,0.294719,0.058719,0.006819,0.258103
img_02231.jpg,0.397909,0.092692,0.014776,0.082258,0.231201,0.074741,0.031124,0.075299
img_02235.jpg,0.150703,0.019857,0.006833,0.014269,0.014723,0.580683,0.059218,0.153714
img_02252.jpg,0.754651,0.010351,0.016962,0.003223,0.143503,0.005167,0.004648,0.061494
img_02268.jpg,0.770286,0.033185,0.018722,0.009928,0.063848,0.034691,0.003953,0.065386
img_02270.jpg,0.709749,0.022543,0.025193,0.006337,0.135066,0.040951,0.004192,0.055969
img_02281.jpg,0.336927,0.068103,0.028066,0.037419,0.224757,0.245027,0.007337,0.052365
img_02282.jpg,0.038734,0.016534,0.071188,0.001613,0.016452,0.012083,0.014268,0.829128
img_02285.jpg,0.789332,0.014252,0.007662,0.003820,0.129209,0.031605,0.007947,0.016174
img_02291.jpg,0.835817,0.028825,0.029580,0.005843,0.055804,0.005491,0.003151,0.035488
img_02299.jpg,0.629960,0.079924,0.006386,0.050819,0.048099,0.074764,0.039799,0.070250
img_02305.jpg,0.199417,0.015121,0.011446,0.013985,0.019674,0.515140,0.050815,0.174402
img_02307.jpg,0.286462,0.032230,0.013026,0.006425,0.009710,0.168042,0.113691,0.370412
img_02309.jpg,0.786704,0.034296,0.016186,0.003056,0.070999,0.014992,0.008370,0.065397
img_02318.jpg,0.432839,0.019999,0.017586,0.012648,0.270227,0.050927,0.008543,0.187231
img_02347.jpg,0.482047,0.076252,0.190629,0.007534,0.105369,0.018128,0.004538,0.115501
img_02356.jpg,0.293943,0.025469,0.109697,0.035151,0.155083,0.116190,0.028352,0.236115
img_02367.jpg,0.684024,0.040257,0.004636,0.031923,0.154096,0.051292,0.018739,0.015033
img_02372.jpg,0.079513,0.009173,0.039879,0.005942,0.759596,0.046951,0.014045,0.044902
img_02379.jpg,0.612484,0.025261,0.053375,0.011776,0.094011,0.024999,0.011153,0.166941
img_02384.jpg,0.452407,0.047356,0.046013,0.003205,0.027873,0.111637,0.099487,0.212024
img_02398.jpg,0.448523,0.082422,0.020832,0.056672,0.030203,0.136041,0.005471,0.219836
img_02400.jpg,0.481604,0.039740,0.036524,0.022119,0.083148,0.140940,0.006939,0.188987
img_02406.jpg,0.495672,0.063022,0.026401,0.121245,0.074310,0.130878,0.010647,0.077825
img_02412.jpg,0.642201,0.022275,0.010559,0.001455,0.078364,0.019501,0.002999,0.222647
img_02416.jpg,0.462588,0.117948,0.104166,0.003420,0.030072,0.028134,0.016335,0.237337
img_02422.jpg,0.303734,0.019380,0.015273,0.007468,0.012345,0.125858,0.171031,0.344911
img_02479.jpg,0.133917,0.046262,0.012952,0.004349,0.752287,0.007138,0.015601,0.027494
img_02486.jpg,0.416017,0.065129,0.018707,0.007313,0.020320,0.215263,0.006183,0.251069
img_02487.jpg,0.614080,0.017540,0.011589,0.003064,0.121149,0.009275,0.007573,0.215731
img_02507.jpg,0.217489,0.020145,0.250683,0.021215,0.100136,0.208232,0.009768,0.172330
img_02522.jpg,0.518474,0.099172,0.009893,0.073060,0.095378,0.145652,0.006203,0.052168
img_02540.jpg,0.497280,0.014304,0.092534,0.021148,0.067379,0.145605,0.013190,0.148561
img_02546.jpg,0.463108,0.029733,0.035964,0.005366,0.246892,0.035339,0.004429,0.179170
img_02556.jpg,0.530802,0.023953,0.013993,0.010580,0.013567,0.055554,0.079752,0.271798
img_02560.jpg,0.347035,0.110067,0.006512,0.014392,0.347417,0.034642,0.007957,0.131978
img_02563.jpg,0.087255,0.015211,0.047905,0.003760,0.693237,0.090392,0.006752,0.055488
img_02565.jpg,0.225503,0.044182,0.045554,0.010509,0.013595,0.101751,0.140130,0.418775
img_02573.jpg,0.425839,0.256395,0.107032,0.001831,0.021490,0.033622,0.015951,0.137842
img_02574.jpg,0.584297,0.040514,0.010990,0.041593,0.239315,0.042826,0.009384,0.031081
img_02602.jpg,0.664465,0.123899,0.003539,0.017697,0.040506,0.047358,0.004590,0.097944
img_02607.jpg,0.278711,0.042406,0.039330,0.038421,0.125313,0.115531,0.016306,0.343982
img_02622.jpg,0.455126,0.007544,0.021123,0.004832,0.020448,0.061993,0.103277,0.325657
img_02625.jpg,0.263113,0.052493,0.023025,0.018344,0.019763,0.374228,0.088666,0.160370
img_02636.jpg,0.499806,0.072433,0.069145,0.004241,0.088887,0.016610,0.008050,0.240828
img_02638.jpg,0.465559,0.121311,0.012771,0.062200,0.014495,0.151518,0.014102,0.158044
img_02641.jpg,0.914405,0.009683,0.005184,0.001407,0.030656,0.017630,0.001178,0.019856
img_02646.jpg,0.171525,0.031490,0.026860,0.056312,0.069663,0.268075,0.027074,0.349000
img_02648.jpg,0.230090,0.047776,0.112422,0.005820,0.052968,0.047243,0.012617,0.491064
img_02651.jpg,0.532184,0.021380,0.043613,0.002845,0.277634,0.009708,0.024640,0.087996
img_02656.jpg,0.427527,0.124479,0.009378,0.095001,0.057124,0.078812,0.005565,0.202114
img_02666.jpg,0.749852,0.016536,0.020960,0.001851,0.111067,0.006929,0.004152,0.088654
img_02679.jpg,0.693076,0.029776,0.012323,0.008227,0.221651,0.005332,0.003849,0.025766
img_02687.jpg,0.254329,0.025406,0.025968,0.011550,0.333198,0.053952,0.011974,0.283623
img_02699.jpg,0.458457,0.038329,0.019202,0.003831,0.107512,0.176272,0.046581,0.149815
img_02702.jpg,0.942263,0.004815,0.009293,0.000447,0.020657,0.003421,0.001761,0.017342
img_02703.jpg,0.204011,0.025176,0.103488,0.031432,0.084846,0.074608,0.037910,0.438530
img_02709.jpg,0.702011,0.039342,0.026676,0.016156,0.038836,0.090530,0.006415,0.080034
img_02726.jpg,0.286849,0.032075,0.116368,0.005225,0.413677,0.017271,0.020842,0.107694
img_02733.jpg,0.620202,0.040525,0.021575,0.025150,0.050651,0.168963,0.003216,0.069718
img_02734.jpg,0.551082,0.087271,0.009270,0.032662,0.098397,0.106352,0.004578,0.110388
img_02739.jpg,0.755635,0.035216,0.019190,0.003402,0.101232,0.014718,0.011390,0.059217
img_02749.jpg,0.421352,0.054083,0.025406,0.047079,0.147306,0.203339,0.004126,0.097309
img_02759.jpg,0.153662,0.085042,0.194943,0.007492,0.027512,0.130485,0.013332,0.387533
img_02764.jpg,0.675035,0.036009,0.048623,0.011775,0.130248,0.064509,0.009721,0.024081
img_02766.jpg,0.771782,0.044508,0.023279,0.007145,0.062671,0.011889,0.014121,0.064605
img_02769.jpg,0.158221,0.047441,0.164524,0.008519,0.032137,0.125629,0.009797,0.453732
img_02771.jpg,0.698876,0.084824,0.010192,0.037282,0.012467,0.059087,0.002252,0.095020
img_02789.jpg,0.345967,0.020570,0.066704,0.003775,0.296442,0.031156,0.111967,0.123418
img_02799.jpg,0.694013,0.057010,0.013791,0.001961,0.119914,0.023340,0.030626,0.059347
img_02808.jpg,0.724678,0.043224,0.035614,0.034731,0.033898,0.045812,0.002788,0.079255
img_02811.jpg,0.576322,0.044084,0.014603,0.054992,0.079539,0.181376,0.003868,0.045216
img_02830.jpg,0.135109,0.019456,0.012431,0.008227,0.016727,0.197813,0.283180,0.327057
img_02834.jpg,0.323541,0.040060,0.021911,0.008010,0.031719,0.209164,0.086145,0.279449
img_02837.jpg,0.244375,0.186959,0.028840,0.033339,0.119045,0.096715,0.062574,0.228152
img_02838.jpg,0.645684,0.094283,0.020102,0.014334,0.071122,0.078557,0.012961,0.062956
img_02842.jpg,0.290250,0.040169,0.024232,0.003757,0.039730,0.424474,0.059848,0.117539
img_02857.jpg,0.571563,0.054763,0.075403,0.002458,0.197289,0.012364,0.009029,0.077131
img_02865.jpg,0.027777,0.010297,0.003415,0.001635,0.934215,0.005246,0.000979,0.016435
img_02871.jpg,0.157573,0.022799,0.015912,0.006139,0.007146,0.175245,0.210315,0.404872
img_02876.jpg,0.165585,0.045400,0.114854,0.010760,0.082093,0.032794,0.008362,0.540152
img_02889.jpg,0.750398,0.034018,0.018748,0.015855,0.037818,0.076420,0.007897,0.058846
img_02890.jpg,0.587997,0.052210,0.019808,0.079933,0.101026,0.093276,0.008349,0.057401
img_02899.jpg,0.578580,0.034996,0.011687,0.129555,0.073818,0.111577,0.001841,0.057945
img_02904.jpg,0.822496,0.015142,0.005913,0.013404,0.037800,0.027883,0.001738,0.075624
img_02911.jpg,0.360547,0.138013,0.028580,0.034884,0.161294,0.199508,0.012905,0.064268
img_02916.jpg,0.688418,0.034260,0.013467,0.008296,0.117936,0.069435,0.002784,0.065404
img_02920.jpg,0.868547,0.028870,0.003247,0.013179,0.011096,0.049095,0.001040,0.024926
img_02943.jpg,0.818790,0.017991,0.006620,0.032591,0.012867,0.053368,0.000747,0.057026
img_02949.jpg,0.636769,0.027520,0.025675,0.024301,0.111244,0.055428,0.008267,0.110797
img_02954.jpg,0.467409,0.024387,0.061001,0.004091,0.135885,0.092783,0.017369,0.197074
img_02956.jpg,0.402792,0.056483,0.069143,0.004024,0.024911,0.045586,0.012116,0.384945
img_02964.jpg,0.044413,0.035559,0.078287,0.001454,0.013822,0.013670,0.008944,0.803851
img_02974.jpg,0.283147,0.101304,0.014149,0.005147,0.190491,0.035143,0.016582,0.354037
img_02977.jpg,0.552586,0.054944,0.017941,0.001795,0.273723,0.012464,0.003803,0.082744
img_02993.jpg,0.215950,0.054119,0.204778,0.005083,0.020018,0.073764,0.014048,0.412239
img_03014.jpg,0.040295,0.007822,0.011839,0.002404,0.868394,0.035281,0.003823,0.030141
img_03043.jpg,0.094932,0.030649,0.096669,0.002954,0.054352,0.030554,0.024070,0.665821
img_03055.jpg,0.542967,0.060074,0.010002,0.068551,0.017304,0.097045,0.004509,0.199548
img_03064.jpg,0.428323,0.034996,0.045175,0.008744,0.056352,0.067827,0.135896,0.222687
img_03069.jpg,0.322051,0.034707,0.021677,0.015229,0.020198,0.063717,0.183683,0.338736
img_03074.jpg,0.707195,0.127759,0.004448,0.045571,0.034626,0.019294,0.005328,0.055779
img_03078.jpg,0.722369,0.044991,0.011130,0.025421,0.005142,0.050210,0.014363,0.126374
img_03080.jpg,0.759788,0.023829,0.022945,0.001219,0.102130,0.006544,0.004053,0.079491
img_03082.jpg,0.595181,0.166990,0.022325,0.017112,0.018876,0.023630,0.012572,0.143314
img_03087.jpg,0.189825,0.084434,0.012247,0.019040,0.533443,0.072793,0.006739,0.081479
img_03116.jpg,0.242096,0.011813,0.011893,0.001591,0.585881,0.006496,0.000865,0.139365
img_03128.jpg,0.514863,0.030057,0.029790,0.007430,0.015098,0.048619,0.159436,0.194707
img_03135.jpg,0.529664,0.027729,0.024050,0.007779,0.014304,0.073004,0.105143,0.218328
img_03140.jpg,0.726997,0.069127,0.004953,0.016891,0.020244,0.100538,0.001566,0.059682
img_03166.jpg,0.444534,0.056143,0.086557,0.010631,0.311978,0.031163,0.026439,0.032557
img_03169.jpg,0.095786,0.101314,0.163939,0.004301,0.049840,0.020800,0.007677,0.556342
img_03181.jpg,0.505288,0.081145,0.020790,0.024019,0.036237,0.245827,0.009475,0.077220
img_03195.jpg,0.391271,0.025931,0.022592,0.007966,0.013340,0.142130,0.098030,0.298740
img_03199.jpg,0.568310,0.016158,0.022798,0.003614,0.017051,0.025522,0.117843,0.228704
img_03210.jpg,0.105874,0.057131,0.166920,0.002487,0.047313,0.015920,0.015436,0.588920
img_03220.jpg,0.417984,0.083247,0.007331,0.038125,0.354260,0.040453,0.009171,0.049430
img_03222.jpg,0.535214,0.054037,0.013975,0.040713,0.056353,0.186618,0.006155,0.106935
img_03223.jpg,0.245327,0.264286,0.024395,0.022170,0.073809,0.177490,0.044713,0.147811
img_03228.jpg,0.485832,0.112499,0.006446,0.126504,0.022255,0.102910,0.006707,0.136846
img_03229.jpg,0.278545,0.018425,0.035263,0.010408,0.005896,0.074791,0.129850,0.446823
img_03231.jpg,0.626155,0.040226,0.031108,0.012400,0.038649,0.089398,0.005722,0.156342
img_03238.jpg,0.298471,0.027537,0.032827,0.011136,0.017359,0.127518,0.128249,0.356903
img_03239.jpg,0.046317,0.101667,0.007636,0.004758,0.114412,0.006493,0.703494,0.015223
img_03252.jpg,0.762444,0.045305,0.058134,0.007713,0.075156,0.004332,0.008375,0.038540
img_03254.jpg,0.229276,0.035618,0.028363,0.006292,0.074212,0.460445,0.055475,0.110318
img_03260.jpg,0.522165,0.054184,0.038568,0.026338,0.034144,0.216261,0.007260,0.101080
img_03261.jpg,0.618310,0.080670,0.029516,0.009227,0.084149,0.045089,0.010456,0.122582
img_03270.jpg,0.277725,0.014757,0.077662,0.012457,0.107097,0.099697,0.018487,0.392118
img_03283.jpg,0.219810,0.141487,0.034929,0.058735,0.020639,0.126913,0.026847,0.370640
img_03290.jpg,0.347942,0.025849,0.040860,0.009850,0.017185,0.066219,0.075702,0.416393
img_03297.jpg,0.827242,0.016123,0.008288,0.006751,0.071138,0.026403,0.003111,0.040944
img_03310.jpg,0.517873,0.055168,0.012690,0.054467,0.072671,0.158084,0.003279,0.125768
img_03312.jpg,0.394340,0.163091,0.011573,0.024241,0.036098,0.095525,0.019728,0.255403
img_03324.jpg,0.090902,0.022570,0.093933,0.003758,0.011315,0.009851,0.009385,0.758285
img_03333.jpg,0.428642,0.036350,0.028559,0.012039,0.026995,0.247314,0.062749,0.157351
img_03342.jpg,0.340824,0.032748,0.016419,0.006575,0.013639,0.082210,0.135535,0.372049
img_03346.jpg,0.707931,0.064614,0.012244,0.025353,0.035171,0.109721,0.009910,0.035056
img_03355.jpg,0.439517,0.032917,0.028825,0.005785,0.027673,0.076584,0.084765,0.303936
img_03361.jpg,0.544087,0.267672,0.011285,0.015216,0.059923,0.027343,0.011023,0.063451
img_03370.jpg,0.574903,0.022697,0.012340,0.005106,0.006391,0.063072,0.080506,0.234986
img_03399.jpg,0.485308,0.139449,0.008929,0.085002,0.082315,0.164166,0.009478,0.025352
img_03410.jpg,0.538158,0.095209,0.024484,0.001476,0.258042,0.006876,0.008295,0.067460
img_03422.jpg,0.665537,0.043330,0.042703,0.047330,0.040807,0.053906,0.002280,0.104108
img_03426.jpg,0.485514,0.021380,0.023475,0.003244,0.352864,0.017069,0.003384,0.093070
img_03439.jpg,0.484507,0.060352,0.023014,0.051348,0.102591,0.182390,0.003316,0.092482
img_03440.jpg,0.087168,0.049567,0.146939,0.001082,0.027713,0.023957,0.011643,0.651931
img_03444.jpg,0.502532,0.077731,0.053384,0.029488,0.050289,0.050977,0.017175,0.218423
img_03445.jpg,0.312786,0.023579,0.009942,0.002075,0.549121,0.003141,0.018478,0.080877
img_03446.jpg,0.059353,0.075758,0.200052,0.002504,0.029708,0.037156,0.016545,0.578924
img_03452.jpg,0.302151,0.406395,0.027790,0.006646,0.058333,0.035076,0.016282,0.147327
img_03454.jpg,0.751974,0.008084,0.017603,0.003655,0.139882,0.011936,0.018069,0.048797
img_03456.jpg,0.015322,0.005383,0.006417,0.001696,0.932544,0.023638,0.004998,0.010002
img_03457.jpg,0.679107,0.023823,0.056399,0.008120,0.047256,0.093559,0.012692,0.079045
img_03471.jpg,0.519843,0.063304,0.053397,0.055010,0.064689,0.040452,0.077255,0.126049
img_03475.jpg,0.615035,0.010400,0.005802,0.008707,0.062984,0.007271,0.000810,0.288991
img_03488.jpg,0.619608,0.105829,0.007241,0.042964,0.024930,0.077531,0.004195,0.117702
img_03490.jpg,0.453446,0.157076,0.113442,0.003301,0.033553,0.022061,0.022679,0.194443
img_03502.jpg,0.482483,0.014419,0.008359,0.004064,0.017825,0.045741,0.053987,0.373122
img_03504.jpg,0.592231,0.055886,0.025799,0.018936,0.024699,0.221008,0.006940,0.054501
img_03520.jpg,0.560132,0.057104,0.040728,0.010607,0.128817,0.081068,0.009429,0.112116
img_03527.jpg,0.111380,0.069515,0.216032,0.002569,0.034323,0.029223,0.009542,0.527416
img_03547.jpg,0.841016,0.045698,0.005540,0.036811,0.021220,0.030192,0.004059,0.015464
img_03548.jpg,0.535427,0.025551,0.036652,0.018641,0.026507,0.092760,0.079014,0.185448
img_03554.jpg,0.617183,0.072049,0.025505,0.002751,0.133983,0.023514,0.050514,0.074501
img_03563.jpg,0.439004,0.164298,0.037624,0.040097,0.058335,0.112727,0.032656,0.115259
img_03581.jpg,0.536995,0.046733,0.019420,0.053726,0.092034,0.170936,0.002901,0.077254
img_03584.jpg,0.231675,0.014687,0.100341,0.003651,0.219742,0.012673,0.011256,0.405976
img_03587.jpg,0.290792,0.018429,0.023890,0.007646,0.010603,0.093210,0.057376,0.498055
img_03588.jpg,0.321391,0.030536,0.025903,0.005492,0.039376,0.390645,0.063483,0.123175
img_03602.jpg,0.283404,0.040066,0.032326,0.005002,0.029830,0.491903,0.033213,0.084257
img_03627.jpg,0.786914,0.032816,0.038104,0.004962,0.105725,0.003244,0.005548,0.022686
img_03628.jpg,0.699058,0.021041,0.038459,0.005186,0.143532,0.008172,0.003683,0.080870
img_03652.jpg,0.751151,0.027127,0.043876,0.011022,0.090364,0.051676,0.005157,0.019626
img_03670.jpg,0.655661,0.014540,0.036095,0.005154,0.171953,0.016884,0.036291,0.063421
img_03674.jpg,0.589235,0.032385,0.017130,0.032528,0.176775,0.059654,0.007028,0.085264
img_03677.jpg,0.610101,0.047653,0.006441,0.042454,0.025483,0.093539,0.003851,0.170478
img_03711.jpg,0.494571,0.051186,0.025917,0.011684,0.074377,0.095043,0.015013,0.232210
img_03715.jpg,0.416586,0.161472,0.010306,0.078404,0.163411,0.077795,0.021534,0.070493
img_03718.jpg,0.513244,0.035771,0.016163,0.044782,0.099217,0.204596,0.002766,0.083461
img_03726.jpg,0.192972,0.030641,0.016273,0.016658,0.022070,0.508423,0.060354,0.152609
img_03739.jpg,0.094607,0.035556,0.109914,0.008786,0.026805,0.064870,0.053700,0.605761
img_03749.jpg,0.323461,0.041673,0.029530,0.008068,0.029222,0.252468,0.129865,0.185712
img_03750.jpg,0.425175,0.014820,0.028633,0.006484,0.017042,0.077340,0.176822,0.253685
img_03760.jpg,0.337558,0.033103,0.026403,0.004588,0.022053,0.300286,0.082072,0.193938
img_03764.jpg,0.761746,0.065975,0.011197,0.011674,0.009957,0.040302,0.009497,0.089652
img_03776.jpg,0.546741,0.025924,0.016417,0.003023,0.267018,0.009985,0.005146,0.125746
img_03801.jpg,0.481854,0.015028,0.016498,0.002608,0.308027,0.026729,0.004178,0.145078
img_03805.jpg,0.619866,0.044804,0.009615,0.057398,0.035682,0.062280,0.003892,0.166462
img_03809.jpg,0.472065,0.183593,0.015989,0.021331,0.097846,0.009007,0.016474,0.183694
img_03825.jpg,0.747376,0.083247,0.006431,0.024868,0.034620,0.034731,0.007386,0.061341
