image,ALB,BET,DOL,LAG,NoF,OTHER,SHARK,YFT
img_00005.jpg,0.408112,0.015196,0.046369,0.013683,0.322025,0.096975,0.034202,0.063438
img_00007.jpg,0.307436,0.063771,0.039512,0.036482,0.026633,0.091561,0.096081,0.338524
img_00009.jpg,0.523141,0.179904,0.041705,0.031318,0.026360,0.116559,0.033430,0.047584
img_00018.jpg,0.565474,0.075737,0.039126,0.051694,0.060423,0.120287,0.041413,0.045845
img_00027.jpg,0.262977,0.075128,0.078781,0.041100,0.061477,0.067074,0.173723,0.239740
img_00030.jpg,0.121800,0.107733,0.104202,0.057205,0.190367,0.050042,0.195329,0.173322
img_00040.jpg,0.230680,0.054293,0.069750,0.037636,0.078256,0.114734,0.130133,0.284518
img_00046.jpg,0.327475,0.053438,0.041874,0.026152,0.246107,0.041422,0.036239,0.227293
img_00053.jpg,0.566124,0.051157,0.051437,0.080826,0.039601,0.122283,0.041935,0.046637
img_00071.jpg,0.273300,0.082199,0.037654,0.121733,0.051424,0.128987,0.059722,0.244983
img_00075.jpg,0.161685,0.261621,0.049597,0.084578,0.136854,0.119677,0.129337,0.056651
img_00102.jpg,0.062802,0.070482,0.043710,0.091318,0.031272,0.165059,0.088750,0.446607
img_00103.jpg,0.336564,0.055301,0.066340,0.167453,0.062072,0.144574,0.093574,0.074121
img_00109.jpg,0.501262,0.071284,0.047740,0.017637,0.260809,0.013345,0.062201,0.025722
img_00119.jpg,0.061553,0.030396,0.032108,0.017113,0.734737,0.058422,0.041174,0.024498
img_00120.jpg,0.318815,0.027723,0.050912,0.023606,0.017194,0.100982,0.077437,0.383331
img_00125.jpg,0.258064,0.108546,0.134243,0.088678,0.018155,0.072568,0.103935,0.215811
img_00128.jpg,0.053602,0.056727,0.085551,0.031287,0.071308,0.082091,0.056100,0.563334
img_00129.jpg,0.257393,0.060511,0.094798,0.042084,0.092543,0.097748,0.132013,0.222910
img_00133.jpg,0.455361,0.091137,0.024210,0.035632,0.223400,0.089368,0.025821,0.055073
img_00138.jpg,0.511730,0.071778,0.098610,0.070719,0.066953,0.059521,0.029817,0.090872
img_00141.jpg,0.069801,0.062899,0.073096,0.024730,0.108099,0.054977,0.037325,0.569074
img_00152.jpg,0.153885,0.125716,0.093167,0.074500,0.075923,0.097553,0.069093,0.310163
img_00161.jpg,0.009161,0.076329,0.118675,0.088734,0.027801,0.065919,0.143385,0.469997
img_00164.jpg,0.254193,0.027480,0.096830,0.049531,0.297846,0.069456,0.114277,0.090387
img_00170.jpg,0.366771,0.044223,0.036038,0.128411,0.065600,0.256113,0.044186,0.058658
img_00171.jpg,0.316997,0.136672,0.046801,0.135007,0.056167,0.179704,0.060498,0.068155
img_00172.jpg,0.177090,0.032947,0.051472,0.048588,0.285296,0.101923,0.055139,0.247545
img_00175.jpg,0.310287,0.095407,0.049413,0.188537,0.039295,0.195987,0.052401,0.068673
img_00180.jpg,0.071402,0.018019,0.034937,0.039480,0.119673,0.099032,0.231928,0.385530
img_00196.jpg,0.164546,0.039676,0.065399,0.020283,0.562896,0.060683,0.046493,0.040024
img_00212.jpg,0.212498,0.061148,0.070897,0.044174,0.152156,0.042554,0.184175,0.232399
img_00223.jpg,0.387917,0.076085,0.064773,0.061478,0.116589,0.140943,0.037304,0.114911
img_00230.jpg,0.757145,0.038874,0.015832,0.020452,0.034559,0.026992,0.036234,0.069912
img_00232.jpg,0.088004,0.233438,0.065103,0.077279,0.184983,0.019807,0.237283,0.094104
img_00244.jpg,0.683184,0.065404,0.027236,0.029698,0.038180,0.069952,0.024012,0.062335
img_00272.jpg,0.415549,0.126007,0.063942,0.063854,0.062383,0.102643,0.019346,0.146276
img_00280.jpg,0.352461,0.057340,0.039967,0.040922,0.304221,0.092756,0.066012,0.046321
img_00282.jpg,0.320421,0.124518,0.026252,0.178418,0.036574,0.196475,0.052851,0.064491
img_00285.jpg,0.424038,0.025499,0.039981,0.016206,0.060483,0.066580,0.094415,0.272799
img_00289.jpg,0.469374,0.016873,0.051541,0.037048,0.267341,0.105429,0.023978,0.028417
img_00292.jpg,0.104782,0.051699,0.074888,0.080182,0.022997,0.125179,0.152201,0.388073
img_00302.jpg,0.233725,0.058978,0.048592,0.049130,0.037074,0.123225,0.141352,0.307926
img_00311.jpg,0.617089,0.086580,0.025636,0.032519,0.079340,0.027918,0.047653,0.083265
img_00320.jpg,0.313211,0.107449,0.147936,0.040775,0.052852,0.029383,0.134076,0.174318
img_00331.jpg,0.305258,0.039574,0.090875,0.049713,0.063892,0.178593,0.063577,0.208518
img_00358.jpg,0.235320,0.084000,0.118078,0.068309,0.066539,0.116604,0.104101,0.207051
img_00374.jpg,0.515345,0.049049,0.053534,0.030355,0.023680,0.115680,0.030309,0.182048
img_00375.jpg,0.261799,0.114298,0.073066,0.094344,0.073332,0.160496,0.083723,0.138942
img_00376.jpg,0.494355,0.023209,0.052503,0.016410,0.035752,0.082646,0.072745,0.222380
img_00380.jpg,0.662509,0.022768,0.023656,0.032622,0.152120,0.072494,0.011406,0.022424
img_00383.jpg,0.485918,0.106567,0.045225,0.038850,0.141031,0.050443,0.052104,0.079861
img_00398.jpg,0.317561,0.059230,0.054364,0.023602,0.341283,0.062928,0.090358,0.050673
img_00407.jpg,0.426168,0.060983,0.043249,0.098267,0.048027,0.124817,0.046250,0.152239
img_00417.jpg,0.424760,0.031999,0.051376,0.018811,0.131371,0.019259,0.134272,0.188152
img_00432.jpg,0.297315,0.028403,0.073171,0.059387,0.058654,0.334076,0.040004,0.108991
img_00442.jpg,0.055525,0.031056,0.048000,0.043424,0.161328,0.058814,0.021955,0.579900
img_00446.jpg,0.440719,0.055316,0.029284,0.062589,0.110050,0.240313,0.018815,0.042914
img_00469.jpg,0.379535,0.141172,0.042144,0.029738,0.100548,0.107592,0.072517,0.126754
img_00473.jpg,0.626591,0.029426,0.022814,0.008334,0.173600,0.017788,0.027187,0.094260
img_00483.jpg,0.282266,0.096110,0.109716,0.034540,0.193034,0.040149,0.099696,0.144488
img_00484.jpg,0.416859,0.122842,0.086924,0.066364,0.062220,0.060691,0.084406,0.099694
img_00486.jpg,0.501135,0.064520,0.048602,0.082260,0.085115,0.093487,0.037535,0.087346
img_00487.jpg,0.166406,0.047719,0.077083,0.059548,0.387757,0.028169,0.111110,0.122208
img_00493.jpg,0.265376,0.037712,0.088394,0.071330,0.164734,0.087087,0.173238,0.112129
img_00518.jpg,0.448194,0.028819,0.044594,0.022048,0.163356,0.041309,0.077222,0.174458
img_00533.jpg,0.243702,0.040666,0.045499,0.052291,0.072337,0.120275,0.055849,0.369380
img_00538.jpg,0.536494,0.057206,0.030382,0.039271,0.049351,0.095088,0.042709,0.149499
img_00543.jpg,0.657774,0.070434,0.017950,0.031013,0.081806,0.022672,0.052877,0.065475
img_00550.jpg,0.212468,0.031969,0.071637,0.048636,0.063996,0.357986,0.039124,0.174185
img_00551.jpg,0.246684,0.088204,0.109932,0.231349,0.048469,0.187133,0.046452,0.041776
img_00564.jpg,0.137506,0.020961,0.082943,0.029805,0.366438,0.211968,0.047161,0.103217
img_00575.jpg,0.408782,0.026763,0.050873,0.029726,0.024343,0.132596,0.046190,0.280727
img_00582.jpg,0.491998,0.098821,0.035629,0.042967,0.123653,0.091412,0.043570,0.071950
img_00584.jpg,0.378592,0.088935,0.072756,0.031486,0.264483,0.031923,0.089262,0.042563
img_00587.jpg,0.206147,0.080522,0.082880,0.045972,0.104790,0.078568,0.132402,0.268718
img_00590.jpg,0.246897,0.068237,0.100513,0.048360,0.057555,0.074729,0.101489,0.302221
img_00591.jpg,0.123997,0.039659,0.059730,0.029795,0.039000,0.112769,0.063833,0.531218
img_00598.jpg,0.345110,0.072606,0.063285,0.086294,0.056348,0.130631,0.076630,0.169096
img_00599.jpg,0.336393,0.035177,0.068120,0.032916,0.049203,0.148644,0.118562,0.210984
img_00612.jpg,0.325183,0.042699,0.040949,0.045654,0.037135,0.208025,0.091301,0.209054
img_00618.jpg,0.354822,0.023847,0.070328,0.055817,0.283984,0.107099,0.049217,0.054887
img_00620.jpg,0.564372,0.039130,0.073048,0.059564,0.072146,0.103719,0.034372,0.053649
img_00642.jpg,0.418716,0.085675,0.035084,0.118154,0.076529,0.082584,0.025371,0.157886
img_00646.jpg,0.131840,0.089222,0.076071,0.050761,0.106584,0.041229,0.033607,0.470687
img_00648.jpg,0.533469,0.164809,0.021795,0.036583,0.089744,0.025068,0.057271,0.071261
img_00650.jpg,0.193615,0.029304,0.062594,0.054238,0.113396,0.147075,0.190978,0.208800
img_00654.jpg,0.373740,0.067604,0.097600,0.064131,0.101841,0.097277,0.040943,0.156863
img_00664.jpg,0.262740,0.155291,0.086307,0.104296,0.176095,0.029039,0.058011,0.128221
img_00667.jpg,0.054603,0.016925,0.032796,0.022651,0.808203,0.030094,0.022880,0.011847
img_00676.jpg,0.071070,0.022504,0.024122,0.030455,0.747104,0.038332,0.029987,0.036426
img_00697.jpg,0.095456,0.039207,0.053424,0.024091,0.059724,0.053397,0.038418,0.636285
img_00708.jpg,0.222217,0.041381,0.076311,0.047868,0.100751,0.150683,0.165556,0.195233
img_00716.jpg,0.186116,0.043713,0.079450,0.051936,0.064275,0.162084,0.088273,0.324153
img_00717.jpg,0.702459,0.051555,0.020668,0.025181,0.024523,0.107030,0.024861,0.043723
img_00718.jpg,0.622445,0.032478,0.023939,0.061339,0.052839,0.097949,0.026296,0.082715
img_00723.jpg,0.563781,0.076867,0.028415,0.019833,0.200997,0.013593,0.053544,0.042971
img_00724.jpg,0.362446,0.035835,0.047214,0.028648,0.172289,0.049738,0.122089,0.181742
img_00726.jpg,0.510755,0.043660,0.019095,0.011971,0.269255,0.020422,0.024681,0.100161
img_00729.jpg,0.576180,0.028515,0.039698,0.026993,0.140236,0.044131,0.031283,0.112963
img_00730.jpg,0.187085,0.043827,0.089350,0.052037,0.030648,0.093072,0.147151,0.356830
img_00757.jpg,0.326520,0.159266,0.076049,0.140809,0.056645,0.091534,0.037794,0.111383
img_00760.jpg,0.193795,0.155015,0.089628,0.156310,0.042522,0.094391,0.105873,0.162467
img_00763.jpg,0.118198,0.078961,0.091177,0.029990,0.396006,0.059892,0.070748,0.155027
img_00764.jpg,0.305767,0.080406,0.070610,0.011595,0.204408,0.026702,0.086152,0.214360
img_00765.jpg,0.235634,0.033841,0.056140,0.042062,0.167095,0.153974,0.124588,0.186667
img_00772.jpg,0.050407,0.081302,0.129168,0.030977,0.100693,0.057150,0.043138,0.507165
img_00773.jpg,0.330806,0.132644,0.091130,0.078351,0.107765,0.123494,0.055215,0.080594
img_00777.jpg,0.531390,0.078555,0.056689,0.049978,0.190695,0.050225,0.023794,0.018674
img_00780.jpg,0.050379,0.104439,0.153439,0.051305,0.122093,0.081510,0.094825,0.342009
img_00798.jpg,0.556664,0.152491,0.030558,0.034138,0.037605,0.053241,0.056336,0.078967
img_00808.jpg,0.402421,0.063397,0.037602,0.071329,0.051684,0.194063,0.050477,0.129027
img_00816.jpg,0.599918,0.024197,0.069734,0.016613,0.065335,0.054587,0.046988,0.122629
img_00828.jpg,0.161026,0.030562,0.023828,0.041193,0.486481,0.159340,0.039891,0.057680
img_00833.jpg,0.152804,0.030807,0.090528,0.052111,0.098041,0.269987,0.164806,0.140916
img_00837.jpg,0.419468,0.092666,0.054001,0.068058,0.046390,0.110045,0.044176,0.165196
img_00855.jpg,0.437918,0.056386,0.025131,0.098683,0.019662,0.130964,0.031266,0.199990
img_00857.jpg,0.343887,0.074615,0.147213,0.024891,0.125239,0.025138,0.141090,0.117926
img_00858.jpg,0.080730,0.212913,0.045580,0.101930,0.087138,0.139792,0.182302,0.149615
img_00865.jpg,0.484915,0.163753,0.032194,0.052986,0.047284,0.069807,0.068974,0.080087
img_00876.jpg,0.066391,0.032945,0.028460,0.059786,0.660692,0.073321,0.040201,0.038203
img_00889.jpg,0.051963,0.060214,0.117934,0.035536,0.128282,0.104054,0.057806,0.444212
img_00894.jpg,0.655101,0.035463,0.026546,0.018997,0.077457,0.057016,0.032974,0.096446
img_00902.jpg,0.199342,0.161085,0.050981,0.059856,0.218445,0.034320,0.130733,0.145239
img_00914.jpg,0.010523,0.061920,0.209935,0.092149,0.243945,0.049207,0.147536,0.184785
img_00921.jpg,0.250685,0.054003,0.081226,0.038116,0.058373,0.143009,0.069082,0.305506
img_00927.jpg,0.207852,0.033570,0.063792,0.031394,0.043568,0.060697,0.108619,0.450507
img_00943.jpg,0.351290,0.056515,0.054858,0.031485,0.262274,0.077965,0.071499,0.094114
img_00948.jpg,0.304988,0.057166,0.046387,0.054947,0.287352,0.087225,0.048833,0.113101
img_00950.jpg,0.233507,0.046121,0.077374,0.033782,0.232894,0.149420,0.037147,0.189756
img_00959.jpg,0.279879,0.038457,0.023075,0.068611,0.275065,0.063669,0.101736,0.149507
img_00962.jpg,0.043773,0.057474,0.100938,0.018826,0.047861,0.039745,0.029567,0.661815
img_00964.jpg,0.079412,0.079582,0.079764,0.027606,0.069163,0.101546,0.046702,0.516224
img_00966.jpg,0.168582,0.105709,0.080310,0.066098,0.177125,0.039844,0.076880,0.285452
img_00974.jpg,0.354981,0.118737,0.047400,0.160421,0.040369,0.078459,0.081192,0.118442
img_00979.jpg,0.122391,0.086003,0.095418,0.061597,0.143997,0.107892,0.060628,0.322074
img_00982.jpg,0.273783,0.151675,0.046894,0.067045,0.186384,0.070376,0.035724,0.168118
img_00985.jpg,0.075259,0.053411,0.091148,0.165674,0.016231,0.219207,0.089847,0.289222
img_00999.jpg,0.245284,0.039969,0.059157,0.028734,0.049680,0.091844,0.136187,0.349144
img_01022.jpg,0.241287,0.165558,0.087130,0.093143,0.096145,0.119023,0.045050,0.152664
img_01031.jpg,0.441803,0.046305,0.091943,0.052270,0.185898,0.094521,0.031385,0.055876
img_01035.jpg,0.564609,0.056573,0.026275,0.049763,0.104942,0.132099,0.025786,0.039954
img_01043.jpg,0.494574,0.051903,0.042621,0.083411,0.101738,0.131501,0.025079,0.069172
img_01058.jpg,0.441542,0.076896,0.056082,0.033797,0.144511,0.059724,0.057121,0.130328
img_01059.jpg,0.313624,0.041480,0.045277,0.031986,0.071945,0.144950,0.072413,0.278325
img_01090.jpg,0.348741,0.090516,0.084621,0.039315,0.227153,0.067979,0.061450,0.080226
img_01102.jpg,0.181387,0.119132,0.088949,0.036695,0.124496,0.112512,0.118340,0.218490
img_01103.jpg,0.269821,0.196627,0.100747,0.075660,0.101655,0.108747,0.059180,0.087563
img_01116.jpg,0.436560,0.105441,0.059217,0.053516,0.061956,0.103131,0.073352,0.106827
img_01134.jpg,0.329507,0.064241,0.069973,0.186998,0.068648,0.138921,0.063780,0.077932
img_01142.jpg,0.461930,0.077141,0.072711,0.100978,0.075226,0.085373,0.040926,0.085715
img_01168.jpg,0.105797,0.027737,0.097067,0.079871,0.113067,0.225279,0.075640,0.275542
img_01171.jpg,0.073310,0.103923,0.132067,0.049493,0.355275,0.047400,0.115233,0.123299
img_01177.jpg,0.381722,0.101054,0.080191,0.105406,0.116872,0.087984,0.042584,0.084188
img_01179.jpg,0.344474,0.091585,0.073490,0.132922,0.054108,0.167127,0.046601,0.089693
img_01188.jpg,0.265710,0.047819,0.082325,0.068024,0.182472,0.134020,0.114285,0.105345
img_01198.jpg,0.442579,0.067923,0.087707,0.040014,0.139174,0.047277,0.102619,0.072708
img_01204.jpg,0.072163,0.018820,0.026979,0.012886,0.783720,0.038039,0.030652,0.016741
img_01208.jpg,0.209393,0.054256,0.134283,0.053276,0.304866,0.103111,0.057822,0.082993
img_01211.jpg,0.228320,0.097932,0.036552,0.166289,0.355565,0.021218,0.023223,0.070902
img_01213.jpg,0.456962,0.133866,0.021894,0.048565,0.023096,0.120961,0.030200,0.164456
img_01222.jpg,0.559227,0.078819,0.031123,0.062993,0.042523,0.093038,0.059220,0.073057
img_01224.jpg,0.157934,0.081597,0.094165,0.037851,0.156895,0.079874,0.065483,0.326200
img_01237.jpg,0.303189,0.041564,0.037899,0.026549,0.279198,0.100011,0.045600,0.165990
img_01249.jpg,0.310586,0.069664,0.112563,0.128511,0.117404,0.070540,0.044485,0.146248
img_01253.jpg,0.050513,0.048195,0.072947,0.067450,0.062121,0.052099,0.088667,0.558007
img_01286.jpg,0.622217,0.067062,0.013046,0.027784,0.131064,0.065635,0.031322,0.041871
img_01289.jpg,0.376150,0.041430,0.027721,0.033877,0.087217,0.090921,0.095095,0.247590
img_01325.jpg,0.258527,0.141455,0.055663,0.072973,0.295711,0.051731,0.081734,0.042206
img_01328.jpg,0.520654,0.114220,0.028730,0.041596,0.055770,0.097319,0.025271,0.116439
img_01366.jpg,0.224172,0.166559,0.042433,0.187157,0.055181,0.182348,0.069085,0.073065
img_01371.jpg,0.431755,0.088210,0.044872,0.037930,0.082358,0.119917,0.067338,0.127619
img_01373.jpg,0.191133,0.080451,0.063673,0.137467,0.102969,0.199896,0.045923,0.178488
img_01377.jpg,0.502007,0.065111,0.070051,0.070036,0.103445,0.090258,0.031898,0.067194
img_01379.jpg,0.483888,0.093575,0.037356,0.082753,0.073855,0.111976,0.033449,0.083149
img_01384.jpg,0.252658,0.023158,0.105034,0.068465,0.052038,0.261307,0.046677,0.190664
img_01388.jpg,0.527294,0.097509,0.018475,0.048395,0.082144,0.118731,0.050883,0.056569
img_01392.jpg,0.159466,0.047851,0.046118,0.018320,0.123599,0.051543,0.026218,0.526884
img_01399.jpg,0.072198,0.056713,0.079564,0.035436,0.084949,0.083293,0.050382,0.537464
img_01404.jpg,0.453089,0.112556,0.027113,0.139894,0.036808,0.056659,0.045002,0.128881
img_01405.jpg,0.479217,0.108012,0.062833,0.065214,0.110671,0.046015,0.060791,0.067247
img_01413.jpg,0.416743,0.069424,0.023428,0.106495,0.038040,0.132735,0.019203,0.193932
img_01426.jpg,0.440665,0.195915,0.037205,0.027066,0.064746,0.111067,0.021014,0.102322
img_01431.jpg,0.147424,0.108114,0.071588,0.250726,0.076098,0.079143,0.108519,0.158388
img_01441.jpg,0.015405,0.025811,0.056634,0.016576,0.029624,0.020861,0.064134,0.770956
img_01444.jpg,0.375475,0.050278,0.051794,0.026125,0.066069,0.149530,0.100618,0.180110
img_01490.jpg,0.075779,0.049765,0.086376,0.046173,0.083915,0.078812,0.042248,0.536931
img_01495.jpg,0.638848,0.041265,0.045887,0.026457,0.030400,0.086554,0.033348,0.097241
img_01505.jpg,0.132618,0.020303,0.025104,0.019544,0.699031,0.030969,0.038606,0.033826
img_01511.jpg,0.392167,0.059545,0.079359,0.096575,0.142483,0.142557,0.029019,0.058297
img_01519.jpg,0.235448,0.032867,0.064317,0.056532,0.091086,0.257154,0.048300,0.214295
img_01530.jpg,0.396722,0.069988,0.047242,0.039566,0.165832,0.092044,0.074490,0.114116
img_01537.jpg,0.299378,0.088358,0.135187,0.054223,0.211448,0.104950,0.059767,0.046689
img_01538.jpg,0.391937,0.128023,0.074114,0.060737,0.060136,0.127593,0.094495,0.062966
img_01541.jpg,0.047920,0.040019,0.038274,0.046687,0.579728,0.145081,0.059676,0.042614
img_01543.jpg,0.440685,0.029335,0.079222,0.017960,0.229661,0.064810,0.044753,0.093574
img_01548.jpg,0.714696,0.015282,0.031989,0.008920,0.115271,0.029793,0.022753,0.061297
img_01552.jpg,0.369115,0.112588,0.105391,0.027774,0.092549,0.027204,0.139547,0.125832
img_01561.jpg,0.058626,0.020528,0.139764,0.054047,0.513537,0.136575,0.047524,0.029399
img_01562.jpg,0.486932,0.029476,0.039877,0.017820,0.027306,0.101554,0.046851,0.250185
img_01571.jpg,0.113803,0.107167,0.133384,0.122842,0.103494,0.069266,0.126233,0.223809
img_01593.jpg,0.196111,0.054399,0.102021,0.046801,0.025374,0.097888,0.117254,0.360152
img_01595.jpg,0.046515,0.046017,0.053149,0.029877,0.638818,0.063605,0.082585,0.039433
img_01616.jpg,0.234555,0.083126,0.112563,0.028328,0.079995,0.028788,0.174034,0.258611
img_01618.jpg,0.574862,0.118516,0.064390,0.033492,0.045530,0.063609,0.056608,0.042994
img_01627.jpg,0.497165,0.117699,0.048809,0.067121,0.029891,0.060403,0.086227,0.092686
img_01632.jpg,0.565896,0.031587,0.069013,0.015196,0.144888,0.041710,0.033836,0.097874
img_01633.jpg,0.329914,0.064038,0.057982,0.051199,0.069848,0.162120,0.061837,0.203063
img_01640.jpg,0.748580,0.045249,0.011378,0.024501,0.083286,0.022020,0.029107,0.035880
img_01646.jpg,0.610769,0.112327,0.020832,0.065722,0.082021,0.049667,0.032772,0.025890
img_01647.jpg,0.201908,0.082583,0.189052,0.075102,0.111202,0.020619,0.232151,0.087383
img_01649.jpg,0.407217,0.121593,0.051837,0.064119,0.143329,0.121702,0.067179,0.023024
img_01657.jpg,0.147236,0.088471,0.057134,0.031030,0.091962,0.055379,0.036228,0.492561
img_01669.jpg,0.197635,0.087869,0.103090,0.152948,0.116415,0.114174,0.095512,0.132358
img_01673.jpg,0.454800,0.149291,0.074742,0.023042,0.086696,0.021241,0.106298,0.083889
img_01681.jpg,0.263945,0.068621,0.186021,0.027633,0.171645,0.057597,0.066522,0.158014
img_01684.jpg,0.597012,0.044151,0.027219,0.032985,0.069739,0.074453,0.045535,0.108905
img_01685.jpg,0.169758,0.049879,0.107321,0.044020,0.090881,0.234453,0.044832,0.258856
img_01687.jpg,0.400747,0.027229,0.071679,0.024267,0.029258,0.047271,0.070447,0.329102
img_01688.jpg,0.160674,0.031501,0.096168,0.056366,0.107311,0.233931,0.133547,0.180502
img_01689.jpg,0.082779,0.121224,0.110298,0.042548,0.125143,0.072978,0.040436,0.404594
img_01716.jpg,0.164589,0.039339,0.018537,0.022429,0.512088,0.120333,0.032370,0.090315
img_01717.jpg,0.474800,0.114567,0.031382,0.040992,0.200359,0.024099,0.064669,0.049131
img_01724.jpg,0.432009,0.096037,0.084667,0.040062,0.140133,0.091400,0.053721,0.061971
img_01745.jpg,0.300676,0.074734,0.071724,0.095781,0.145189,0.207372,0.034245,0.070279
img_01771.jpg,0.542985,0.069300,0.038385,0.043731,0.089951,0.093345,0.064669,0.057635
img_01773.jpg,0.390931,0.037814,0.043213,0.036339,0.024930,0.115838,0.082784,0.268152
img_01781.jpg,0.497177,0.068099,0.036816,0.041480,0.071525,0.166208,0.039885,0.078810
img_01782.jpg,0.027800,0.040910,0.043292,0.025593,0.663479,0.067682,0.082761,0.048484
img_01802.jpg,0.263008,0.124495,0.092740,0.062003,0.284548,0.016333,0.090019,0.066854
img_01803.jpg,0.057104,0.042662,0.065336,0.017931,0.102413,0.079027,0.029608,0.605919
img_01824.jpg,0.323196,0.052261,0.054817,0.043944,0.049060,0.210143,0.060904,0.205675
img_01825.jpg,0.478219,0.096382,0.071787,0.047199,0.162238,0.028761,0.049024,0.066390
img_01831.jpg,0.424583,0.051537,0.018519,0.141939,0.059012,0.178154,0.046864,0.079392
img_01834.jpg,0.161123,0.081613,0.122026,0.045315,0.154411,0.112611,0.066945,0.255956
img_01847.jpg,0.165711,0.060589,0.049348,0.049003,0.026581,0.079121,0.088991,0.480656
img_01853.jpg,0.157366,0.041513,0.106092,0.037023,0.050076,0.037677,0.105883,0.464372
img_01856.jpg,0.499062,0.042238,0.070813,0.071526,0.087151,0.019620,0.093796,0.115795
img_01860.jpg,0.332543,0.037065,0.084852,0.037814,0.037151,0.148147,0.138343,0.184084
img_01862.jpg,0.475495,0.057822,0.068840,0.028604,0.137754,0.131928,0.037106,0.062451
img_01874.jpg,0.207461,0.046944,0.076928,0.040211,0.043119,0.212172,0.158106,0.215059
img_01888.jpg,0.304364,0.053433,0.040812,0.047066,0.172621,0.147697,0.110336,0.123671
img_01918.jpg,0.419606,0.065547,0.084048,0.037658,0.112374,0.056786,0.029143,0.194838
img_01930.jpg,0.593646,0.037830,0.036468,0.039987,0.125555,0.112197,0.025851,0.028466
img_01932.jpg,0.381068,0.183828,0.052292,0.051492,0.101237,0.099941,0.062986,0.067155
img_01955.jpg,0.017011,0.067808,0.049877,0.072870,0.060953,0.055610,0.121484,0.554387
img_01963.jpg,0.357847,0.053650,0.075174,0.026987,0.229298,0.045929,0.157013,0.054103
img_01966.jpg,0.629430,0.089107,0.022612,0.056292,0.041815,0.060199,0.040398,0.060147
img_01976.jpg,0.281000,0.166654,0.100032,0.138271,0.077179,0.042530,0.098266,0.096068
img_01983.jpg,0.159073,0.065269,0.162097,0.062947,0.148614,0.221900,0.050453,0.129648
img_01984.jpg,0.595573,0.118340,0.040026,0.036530,0.037132,0.032607,0.054354,0.085438
img_01995.jpg,0.134273,0.087871,0.115455,0.065881,0.097013,0.184558,0.108885,0.206064
img_01996.jpg,0.252051,0.028125,0.073968,0.044840,0.096703,0.299188,0.061309,0.143816
img_02001.jpg,0.254422,0.062423,0.077183,0.044788,0.033562,0.158759,0.115334,0.253527
img_02006.jpg,0.456251,0.060998,0.036059,0.069501,0.075337,0.147920,0.028173,0.125761
img_02066.jpg,0.338408,0.112314,0.094346,0.121968,0.101426,0.122417,0.038214,0.070906
img_02074.jpg,0.602665,0.043218,0.036216,0.066890,0.044011,0.068666,0.058424,0.079910
img_02076.jpg,0.295305,0.152114,0.060475,0.039593,0.233875,0.063629,0.088856,0.066152
img_02077.jpg,0.422420,0.065250,0.037724,0.105981,0.053106,0.123863,0.046511,0.145145
img_02078.jpg,0.035731,0.074185,0.132899,0.082275,0.502121,0.022732,0.099343,0.050714
img_02082.jpg,0.281626,0.027923,0.036528,0.014420,0.370344,0.064966,0.094059,0.110134
img_02083.jpg,0.288566,0.099353,0.047725,0.061818,0.298360,0.099104,0.076446,0.028626
img_02096.jpg,0.391795,0.096514,0.089109,0.034345,0.096283,0.049893,0.070207,0.171854
img_02119.jpg,0.491228,0.063298,0.064012,0.042499,0.082681,0.153438,0.048315,0.054529
img_02124.jpg,0.299065,0.033076,0.079620,0.050088,0.086700,0.263301,0.090837,0.097314
img_02135.jpg,0.306235,0.109318,0.017550,0.020609,0.374625,0.027785,0.103187,0.040691
img_02146.jpg,0.324229,0.077178,0.077064,0.041813,0.193144,0.092255,0.056575,0.137742
img_02159.jpg,0.184956,0.100899,0.044012,0.319049,0.089346,0.065233,0.023441,0.173064
img_02172.jpg,0.390887,0.046049,0.085183,0.050427,0.183526,0.095134,0.042290,0.106504
img_02180.jpg,0.377454,0.036588,0.043659,0.028149,0.077548,0.149669,0.101414,0.185519
img_02188.jpg,0.369552,0.040940,0.062234,0.029568,0.077498,0.151886,0.042628,0.225692
img_02194.jpg,0.575725,0.036522,0.019027,0.073362,0.142469,0.073218,0.039874,0.039804
img_02209.jpg,0.331404,0.041325,0.054605,0.041917,0.113473,0.280786,0.067534,0.068956
img_02216.jpg,0.049258,0.069217,0.136038,0.016723,0.571276,0.020274,0.078288,0.058924
img_02231.jpg,0.377679,0.098387,0.055661,0.058975,0.141784,0.080576,0.052626,0.134311
img_02235.jpg,0.279889,0.052057,0.091018,0.087524,0.128844,0.098022,0.111468,0.151179
img_02252.jpg,0.718620,0.018118,0.028693,0.010548,0.117285,0.013709,0.070574,0.022452
img_02268.jpg,0.293111,0.107080,0.078924,0.144472,0.071044,0.139531,0.050281,0.115557
img_02270.jpg,0.285524,0.102143,0.064061,0.093170,0.110198,0.169239,0.048431,0.127234
img_02281.jpg,0.301862,0.095751,0.066763,0.084818,0.160168,0.207778,0.037703,0.045157
img_02282.jpg,0.051497,0.043351,0.032889,0.046416,0.078444,0.020223,0.018023,0.709156
img_02285.jpg,0.545895,0.025270,0.011552,0.010902,0.301580,0.029973,0.014306,0.060521
img_02291.jpg,0.452240,0.056116,0.063310,0.030869,0.113572,0.055533,0.039088,0.189271
img_02299.jpg,0.556576,0.045776,0.031391,0.083876,0.052128,0.070526,0.064159,0.095568
img_02305.jpg,0.288913,0.073393,0.115590,0.061722,0.094897,0.161953,0.060383,0.143150
img_02307.jpg,0.179100,0.035960,0.054419,0.069488,0.015276,0.122202,0.056257,0.467298
img_02309.jpg,0.541907,0.091918,0.028884,0.044138,0.146638,0.022170,0.030555,0.093792
img_02318.jpg,0.455796,0.048527,0.073942,0.015830,0.159119,0.051808,0.107596,0.087383
img_02347.jpg,0.463604,0.063035,0.083278,0.022017,0.121467,0.042389,0.058184,0.146025
img_02356.jpg,0.070019,0.027346,0.035362,0.107924,0.067172,0.075653,0.245967,0.370558
img_02367.jpg,0.311102,0.128209,0.046236,0.051575,0.179389,0.130852,0.132268,0.020369
img_02372.jpg,0.247074,0.029748,0.066641,0.033671,0.424351,0.092060,0.064461,0.041995
img_02379.jpg,0.537502,0.022590,0.037497,0.007816,0.134102,0.023034,0.061704,0.175756
img_02384.jpg,0.383299,0.041775,0.065369,0.043213,0.031894,0.159213,0.109597,0.165639
img_02398.jpg,0.188224,0.088953,0.045585,0.158811,0.061934,0.229412,0.045299,0.181783
img_02400.jpg,0.215752,0.065437,0.152189,0.074732,0.094065,0.200229,0.043851,0.153744
img_02406.jpg,0.492772,0.054669,0.030602,0.125449,0.041820,0.138045,0.028204,0.088438
img_02412.jpg,0.192861,0.094109,0.087381,0.027768,0.158083,0.027531,0.091516,0.320750
img_02416.jpg,0.108353,0.155547,0.045603,0.096324,0.209049,0.100700,0.058764,0.225661
img_02422.jpg,0.280979,0.047442,0.041219,0.039611,0.039085,0.103329,0.077585,0.370750
img_02479.jpg,0.142616,0.061354,0.119604,0.030342,0.432101,0.026549,0.102111,0.085322
img_02486.jpg,0.377378,0.093412,0.136544,0.056152,0.076294,0.122504,0.070425,0.067290
img_02487.jpg,0.069179,0.076697,0.174099,0.052916,0.341504,0.079337,0.115974,0.090293
img_02507.jpg,0.302010,0.042527,0.072915,0.040225,0.068144,0.243234,0.042798,0.188147
img_02522.jpg,0.391358,0.158974,0.057797,0.066462,0.097785,0.082557,0.052412,0.092656
img_02540.jpg,0.334110,0.025779,0.114029,0.071412,0.077839,0.180569,0.076473,0.119789
img_02546.jpg,0.403646,0.029637,0.042070,0.025734,0.228745,0.056587,0.049065,0.164517
img_02556.jpg,0.431475,0.043971,0.050923,0.035375,0.053546,0.109096,0.056850,0.218764
img_02560.jpg,0.067802,0.121544,0.086886,0.124362,0.290119,0.174464,0.083020,0.051802
img_02563.jpg,0.142065,0.044833,0.101578,0.047992,0.391871,0.125415,0.077463,0.068783
img_02565.jpg,0.296852,0.075411,0.115551,0.033659,0.066020,0.092175,0.113827,0.206505
img_02573.jpg,0.110227,0.140266,0.054947,0.068032,0.112316,0.039646,0.048615,0.425951
img_02574.jpg,0.540170,0.048188,0.016614,0.025991,0.244575,0.049556,0.035321,0.039585
img_02602.jpg,0.514007,0.125230,0.030171,0.034260,0.073695,0.092891,0.064847,0.064899
img_02607.jpg,0.223031,0.121196,0.045918,0.047023,0.273041,0.167609,0.052672,0.069510
img_02622.jpg,0.407002,0.050522,0.052772,0.033701,0.038770,0.097484,0.171392,0.148357
img_02625.jpg,0.271457,0.026772,0.091504,0.053685,0.103384,0.197781,0.076935,0.178482
img_02636.jpg,0.376321,0.173831,0.024443,0.048185,0.176578,0.034089,0.038667,0.127886
img_02638.jpg,0.514652,0.063360,0.031257,0.067735,0.085584,0.132834,0.029349,0.075229
img_02641.jpg,0.388172,0.087193,0.062396,0.136961,0.093544,0.098633,0.040323,0.092778
img_02646.jpg,0.119766,0.090685,0.071364,0.117180,0.041662,0.176430,0.069338,0.313575
img_02648.jpg,0.156486,0.055344,0.080412,0.039780,0.116934,0.092789,0.031639,0.426617
img_02651.jpg,0.276345,0.039578,0.093000,0.034929,0.260805,0.085654,0.095376,0.114314
img_02656.jpg,0.205536,0.149662,0.055272,0.161492,0.028629,0.114599,0.124381,0.160429
img_02666.jpg,0.471308,0.032734,0.093911,0.027485,0.144124,0.068276,0.047044,0.115118
img_02679.jpg,0.531362,0.042840,0.040067,0.031836,0.113081,0.047958,0.025246,0.167611
img_02687.jpg,0.507722,0.039123,0.092573,0.014580,0.139599,0.032705,0.073492,0.100206
img_02699.jpg,0.451104,0.049562,0.055327,0.058662,0.135776,0.066776,0.091768,0.091024
img_02702.jpg,0.445245,0.021015,0.052942,0.016085,0.238046,0.073446,0.049637,0.103585
img_02703.jpg,0.033937,0.024631,0.106166,0.053559,0.053516,0.123989,0.156202,0.448000
img_02709.jpg,0.415102,0.090757,0.080420,0.101733,0.058970,0.110436,0.040228,0.102354
img_02726.jpg,0.286913,0.029001,0.101812,0.045380,0.172800,0.195563,0.049465,0.119065
img_02733.jpg,0.308938,0.069054,0.077330,0.103817,0.082228,0.209987,0.038775,0.109871
img_02734.jpg,0.214167,0.210061,0.087582,0.067504,0.047107,0.184743,0.083254,0.105581
img_02739.jpg,0.635853,0.058738,0.021124,0.038093,0.109323,0.024309,0.049199,0.063360
img_02749.jpg,0.305496,0.045209,0.062178,0.170763,0.066254,0.204254,0.071584,0.074262
img_02759.jpg,0.147032,0.065958,0.132117,0.041642,0.116247,0.090474,0.055991,0.350538
img_02764.jpg,0.684032,0.015634,0.024481,0.021584,0.161227,0.045371,0.009238,0.038433
img_02766.jpg,0.492339,0.080940,0.067140,0.032701,0.086941,0.025412,0.071623,0.142904
img_02769.jpg,0.074592,0.100524,0.188181,0.051072,0.118385,0.096475,0.064658,0.306114
img_02771.jpg,0.622055,0.104746,0.032961,0.077824,0.020633,0.066412,0.029629,0.045739
img_02789.jpg,0.253891,0.032209,0.059477,0.015571,0.430423,0.063404,0.079412,0.065613
img_02799.jpg,0.633362,0.059496,0.033871,0.035395,0.096452,0.032059,0.058795,0.050569
img_02808.jpg,0.450242,0.060097,0.039033,0.097297,0.034991,0.121362,0.030038,0.166940
img_02811.jpg,0.481491,0.050015,0.039766,0.127255,0.045386,0.131996,0.053545,0.070547
img_02830.jpg,0.127389,0.038631,0.059117,0.054688,0.041811,0.144829,0.078831,0.454705
img_02834.jpg,0.394914,0.045241,0.030276,0.027776,0.098287,0.120080,0.053487,0.229937
img_02837.jpg,0.339509,0.107794,0.049864,0.063701,0.147996,0.062172,0.143771,0.085193
img_02838.jpg,0.461144,0.062994,0.049266,0.050813,0.109512,0.116813,0.034284,0.115174
img_02842.jpg,0.499514,0.017747,0.048571,0.014542,0.050880,0.173297,0.054174,0.141274
img_02857.jpg,0.548825,0.073062,0.023986,0.025211,0.217483,0.026409,0.034155,0.050868
img_02865.jpg,0.192895,0.015457,0.021512,0.010048,0.682009,0.024722,0.028273,0.025084
img_02871.jpg,0.274131,0.042531,0.057059,0.071826,0.042451,0.162809,0.101423,0.247769
img_02876.jpg,0.047575,0.061034,0.109947,0.084733,0.070181,0.068919,0.073004,0.484607
img_02889.jpg,0.249487,0.103680,0.071296,0.234775,0.151875,0.077231,0.060196,0.051458
img_02890.jpg,0.275533,0.102479,0.047441,0.145182,0.054662,0.247311,0.063023,0.064368
img_02899.jpg,0.192543,0.142072,0.081086,0.159273,0.093900,0.152019,0.100322,0.078784
img_02904.jpg,0.659709,0.042165,0.045090,0.068001,0.051350,0.074384,0.018807,0.040494
img_02911.jpg,0.200322,0.096235,0.058884,0.089766,0.140280,0.136663,0.031637,0.246212
img_02916.jpg,0.384620,0.080237,0.155819,0.077728,0.136253,0.105071,0.027169,0.033103
img_02920.jpg,0.675987,0.077989,0.025319,0.026754,0.046697,0.049182,0.048732,0.049340
img_02943.jpg,0.529124,0.054363,0.044787,0.093372,0.056387,0.118219,0.039751,0.063996
img_02949.jpg,0.530349,0.021532,0.055199,0.052192,0.170484,0.094117,0.027524,0.048603
img_02954.jpg,0.224219,0.036715,0.105557,0.023898,0.383501,0.054861,0.055561,0.115687
img_02956.jpg,0.353308,0.085622,0.081677,0.063566,0.149661,0.066495,0.077173,0.122498
img_02964.jpg,0.101825,0.028527,0.074415,0.015317,0.115962,0.066194,0.033974,0.563786
img_02974.jpg,0.321925,0.112199,0.058832,0.029403,0.270229,0.012314,0.073343,0.121755
img_02977.jpg,0.418508,0.134496,0.055650,0.046477,0.167497,0.047365,0.066259,0.063746
img_02993.jpg,0.087911,0.084008,0.170444,0.060471,0.146328,0.109442,0.055834,0.285562
img_03014.jpg,0.323813,0.023989,0.009361,0.015454,0.485789,0.054019,0.018097,0.069479
img_03043.jpg,0.054990,0.091649,0.231544,0.063036,0.113041,0.077228,0.090840,0.277672
img_03055.jpg,0.634075,0.088491,0.025186,0.089571,0.028476,0.055904,0.032814,0.045482
img_03064.jpg,0.485555,0.018790,0.024275,0.018536,0.068514,0.059447,0.046556,0.278327
img_03069.jpg,0.273623,0.061398,0.112325,0.032472,0.074357,0.110133,0.075873,0.259819
img_03074.jpg,0.643188,0.087606,0.023690,0.029823,0.101185,0.038471,0.037745,0.038293
img_03078.jpg,0.594139,0.060026,0.048717,0.055645,0.056682,0.037760,0.030302,0.116729
img_03080.jpg,0.341159,0.067326,0.038960,0.023131,0.273953,0.035859,0.113143,0.106469
img_03082.jpg,0.714151,0.086389,0.014177,0.027537,0.045735,0.047843,0.022107,0.042061
img_03087.jpg,0.202291,0.116878,0.078983,0.057723,0.390539,0.087948,0.049402,0.016237
img_03116.jpg,0.303018,0.057684,0.064786,0.024447,0.286609,0.073629,0.053924,0.135904
img_03128.jpg,0.276213,0.045484,0.088127,0.056458,0.046390,0.126650,0.074236,0.286440
img_03135.jpg,0.408794,0.048127,0.051390,0.042484,0.037330,0.080507,0.066001,0.265367
img_03140.jpg,0.674429,0.068966,0.025077,0.018427,0.108999,0.029176,0.031099,0.043827
img_03166.jpg,0.230419,0.156421,0.086969,0.075286,0.210250,0.035600,0.140107,0.064948
img_03169.jpg,0.083432,0.054971,0.072497,0.020104,0.076465,0.075160,0.045274,0.572097
img_03181.jpg,0.371527,0.157119,0.040358,0.060350,0.083885,0.169876,0.067958,0.048926
img_03195.jpg,0.219667,0.069124,0.050570,0.039375,0.080039,0.145582,0.081387,0.314256
img_03199.jpg,0.412172,0.044317,0.097554,0.017217,0.059524,0.054584,0.099761,0.214871
img_03210.jpg,0.125284,0.066533,0.051365,0.026244,0.077146,0.066381,0.037161,0.549886
img_03220.jpg,0.441087,0.110534,0.027163,0.029267,0.237221,0.062862,0.058704,0.033162
img_03222.jpg,0.682413,0.090663,0.026895,0.026129,0.029553,0.051815,0.036933,0.055597
img_03223.jpg,0.269474,0.113656,0.165642,0.067542,0.051057,0.077575,0.169736,0.085317
img_03228.jpg,0.412056,0.084265,0.029959,0.117773,0.037612,0.117977,0.032946,0.167412
img_03229.jpg,0.288717,0.056268,0.070665,0.058389,0.034303,0.085315,0.087859,0.318484
img_03231.jpg,0.287119,0.076267,0.079234,0.108946,0.107650,0.184658,0.038433,0.117693
img_03238.jpg,0.379826,0.067267,0.051552,0.045296,0.065011,0.096489,0.053295,0.241265
img_03239.jpg,0.241487,0.207912,0.046795,0.055523,0.149095,0.028129,0.167840,0.103219
img_03252.jpg,0.459581,0.085181,0.073491,0.061599,0.098081,0.050709,0.064012,0.107346
img_03254.jpg,0.391673,0.032913,0.054619,0.042803,0.108387,0.216657,0.050153,0.102795
img_03260.jpg,0.407800,0.104347,0.034065,0.118935,0.061007,0.159664,0.041222,0.072960
img_03261.jpg,0.405419,0.097755,0.086120,0.077905,0.139568,0.095587,0.047825,0.049821
img_03270.jpg,0.072187,0.019050,0.083013,0.039932,0.057788,0.132680,0.178139,0.417210
img_03283.jpg,0.365061,0.077141,0.061740,0.049356,0.017502,0.064401,0.060749,0.304050
img_03290.jpg,0.168552,0.044004,0.086794,0.046376,0.046950,0.136744,0.093030,0.377549
img_03297.jpg,0.526630,0.060611,0.072650,0.063591,0.064915,0.115255,0.035178,0.061169
img_03310.jpg,0.585265,0.104106,0.044683,0.036553,0.084308,0.067071,0.043731,0.034284
img_03312.jpg,0.659795,0.048699,0.024356,0.037478,0.096877,0.057420,0.027902,0.047474
img_03324.jpg,0.116517,0.081967,0.107968,0.050570,0.128525,0.091325,0.112099,0.311029
img_03333.jpg,0.462636,0.068410,0.054209,0.038629,0.040695,0.168710,0.047274,0.119436
img_03342.jpg,0.219358,0.074422,0.122920,0.047411,0.055313,0.072297,0.159278,0.249002
img_03346.jpg,0.560405,0.091196,0.035492,0.014278,0.049856,0.118453,0.049369,0.080951
img_03355.jpg,0.477027,0.016218,0.025837,0.014212,0.020561,0.068624,0.029850,0.347671
img_03361.jpg,0.234171,0.193618,0.050236,0.048911,0.232552,0.073773,0.055751,0.110989
img_03370.jpg,0.323458,0.082732,0.069672,0.034612,0.100671,0.100841,0.107786,0.180228
img_03399.jpg,0.298829,0.214182,0.055533,0.102184,0.124565,0.123841,0.041340,0.039526
img_03410.jpg,0.361985,0.050313,0.047522,0.031115,0.230583,0.048704,0.052545,0.177232
img_03422.jpg,0.433538,0.067585,0.058671,0.072480,0.104046,0.082325,0.048350,0.133005
img_03426.jpg,0.387453,0.053152,0.044601,0.036506,0.304485,0.056376,0.050332,0.067096
img_03439.jpg,0.537272,0.038790,0.027012,0.104581,0.064904,0.123096,0.039746,0.064599
img_03440.jpg,0.096258,0.037579,0.095724,0.036542,0.081173,0.104151,0.038706,0.509868
img_03444.jpg,0.473923,0.049113,0.015973,0.051724,0.073325,0.058829,0.051608,0.225505
img_03445.jpg,0.172821,0.116387,0.097074,0.046121,0.334037,0.033119,0.136617,0.063823
img_03446.jpg,0.153395,0.064199,0.051737,0.018243,0.056215,0.067150,0.039509,0.549551
img_03452.jpg,0.139964,0.239966,0.027633,0.074073,0.358109,0.059599,0.032470,0.068186
img_03454.jpg,0.633975,0.022387,0.015607,0.008640,0.157718,0.037888,0.022444,0.101341
img_03456.jpg,0.166400,0.045230,0.012047,0.025327,0.523025,0.119970,0.029221,0.078780
img_03457.jpg,0.453482,0.051932,0.050428,0.033317,0.233464,0.108728,0.027511,0.041138
img_03471.jpg,0.288818,0.117101,0.067906,0.063763,0.128791,0.072623,0.072741,0.188257
img_03475.jpg,0.488603,0.020351,0.022190,0.024754,0.264210,0.062248,0.012988,0.104658
img_03488.jpg,0.752246,0.082380,0.029734,0.016077,0.031922,0.026048,0.042031,0.019562
img_03490.jpg,0.197667,0.152248,0.039734,0.061029,0.206620,0.052215,0.031120,0.259367
img_03502.jpg,0.246599,0.051553,0.074194,0.034589,0.058821,0.143071,0.070610,0.320562
img_03504.jpg,0.585186,0.059265,0.022469,0.026263,0.082909,0.114673,0.034462,0.074772
img_03520.jpg,0.359003,0.103241,0.062464,0.112846,0.177982,0.106307,0.033465,0.044693
img_03527.jpg,0.136025,0.078502,0.106506,0.043323,0.084132,0.074822,0.044019,0.432670
img_03547.jpg,0.665300,0.061969,0.036351,0.060748,0.011319,0.088063,0.034281,0.041969
img_03548.jpg,0.323067,0.045982,0.088178,0.032767,0.053724,0.068269,0.088002,0.300011
img_03554.jpg,0.628014,0.072474,0.034567,0.034683,0.105350,0.033979,0.060117,0.030815
img_03563.jpg,0.808814,0.047711,0.008690,0.043313,0.013122,0.030324,0.014020,0.034006
img_03581.jpg,0.474113,0.053753,0.034419,0.120719,0.041654,0.134084,0.049794,0.091463
img_03584.jpg,0.124364,0.057449,0.125216,0.025768,0.244232,0.035243,0.128767,0.258962
img_03587.jpg,0.157543,0.106021,0.112113,0.041951,0.059545,0.097370,0.151680,0.273778
img_03588.jpg,0.311416,0.022177,0.051765,0.036682,0.172884,0.297588,0.047046,0.060442
img_03602.jpg,0.321835,0.031877,0.067246,0.039127,0.086506,0.229912,0.084084,0.139413
img_03627.jpg,0.401252,0.059421,0.053531,0.057498,0.089277,0.044508,0.079530,0.214983
img_03628.jpg,0.539430,0.056368,0.035178,0.029917,0.194679,0.021651,0.072350,0.050428
img_03652.jpg,0.641127,0.022100,0.027473,0.034165,0.148038,0.056508,0.019853,0.050737
img_03670.jpg,0.542463,0.032025,0.021227,0.028763,0.175609,0.030667,0.036639,0.132607
img_03674.jpg,0.193329,0.102790,0.069443,0.116865,0.233661,0.169806,0.063727,0.050379
img_03677.jpg,0.427198,0.119261,0.070377,0.074976,0.049090,0.083425,0.088125,0.087548
img_03711.jpg,0.365102,0.095231,0.100974,0.117233,0.071652,0.079519,0.068514,0.101776
img_03715.jpg,0.270871,0.125919,0.038324,0.105245,0.080696,0.105645,0.136554,0.136746
img_03718.jpg,0.354919,0.040311,0.085007,0.168930,0.032298,0.161882,0.044343,0.112309
img_03726.jpg,0.323729,0.052294,0.067439,0.067233,0.136001,0.109671,0.066774,0.176859
img_03739.jpg,0.043039,0.091973,0.164413,0.058935,0.089907,0.069099,0.082403,0.400232
img_03749.jpg,0.275440,0.032971,0.053697,0.039322,0.132541,0.116761,0.080587,0.268681
img_03750.jpg,0.228359,0.033785,0.072359,0.036462,0.051929,0.203224,0.114206,0.259677
img_03760.jpg,0.326097,0.043588,0.084406,0.040813,0.110738,0.135204,0.119363,0.139791
img_03764.jpg,0.503635,0.117613,0.087931,0.055403,0.050089,0.067650,0.068475,0.049203
img_03776.jpg,0.181938,0.082758,0.152375,0.089987,0.193455,0.063454,0.071629,0.164404
img_03801.jpg,0.658016,0.038684,0.030532,0.023914,0.059704,0.052069,0.018235,0.118847
img_03805.jpg,0.603320,0.083427,0.038359,0.052254,0.043261,0.044155,0.065499,0.069725
img_03809.jpg,0.548650,0.066857,0.029112,0.041954,0.152468,0.049348,0.039468,0.072143
img_03825.jpg,0.343313,0.193471,0.087164,0.072214,0.107164,0.065927,0.038682,0.092064
