image,ALB,BET,DOL,LAG,NoF,OTHER,SHARK,YFT
img_00005.jpg,0.025783,0.000381,0.000781,0.000028,0.970584,0.001796,0.000380,0.000266
img_00007.jpg,0.274747,0.190875,0.002843,0.009073,0.022605,0.048389,0.002661,0.448807
img_00009.jpg,0.644091,0.041499,0.007712,0.002756,0.018392,0.237679,0.002439,0.045432
img_00018.jpg,0.908563,0.005350,0.006041,0.003705,0.000886,0.019478,0.000658,0.055319
img_00027.jpg,0.740948,0.026757,0.000259,0.000625,0.005261,0.051041,0.030137,0.144972
img_00030.jpg,0.054893,0.005476,0.000173,0.000061,0.918985,0.000351,0.001914,0.018147
img_00040.jpg,0.445911,0.052688,0.001330,0.002383,0.005826,0.123225,0.174969,0.193667
img_00046.jpg,0.848530,0.000998,0.000188,0.000014,0.144157,0.001783,0.001986,0.002345
img_00053.jpg,0.972954,0.001221,0.002202,0.001622,0.007205,0.006811,0.000151,0.007834
img_00071.jpg,0.048429,0.002540,0.000750,0.863238,0.016380,0.063304,0.003870,0.001490
img_00075.jpg,0.237121,0.077498,0.002572,0.001744,0.020394,0.629160,0.000636,0.030875
img_00102.jpg,0.106196,0.043870,0.000994,0.001063,0.001670,0.178153,0.030775,0.637279
img_00103.jpg,0.770125,0.003277,0.005166,0.021215,0.003319,0.139525,0.000576,0.056797
img_00109.jpg,0.611420,0.002905,0.000881,0.000014,0.364744,0.000879,0.003664,0.015493
img_00119.jpg,0.028411,0.017637,0.000303,0.000134,0.574988,0.001346,0.000101,0.377078
img_00120.jpg,0.192171,0.021614,0.003613,0.000571,0.013221,0.018177,0.167176,0.583458
img_00125.jpg,0.498141,0.035265,0.008397,0.004231,0.004522,0.084931,0.012403,0.352110
img_00128.jpg,0.006344,0.054406,0.155745,0.000154,0.002378,0.002469,0.000339,0.778165
img_00129.jpg,0.605104,0.094499,0.005830,0.006556,0.009571,0.100134,0.075223,0.103084
img_00133.jpg,0.297034,0.050073,0.000416,0.006007,0.399313,0.203357,0.002033,0.041767
img_00138.jpg,0.722009,0.020575,0.006602,0.002806,0.090183,0.028054,0.001708,0.128062
img_00141.jpg,0.011248,0.027809,0.158116,0.000524,0.003046,0.019303,0.004576,0.775378
img_00152.jpg,0.102511,0.005162,0.002258,0.001284,0.000352,0.038354,0.001149,0.848929
img_00161.jpg,0.004115,0.005267,0.000558,0.000021,0.010708,0.141394,0.000212,0.837724
img_00164.jpg,0.001312,0.001481,0.002236,0.000080,0.776919,0.072433,0.001197,0.144342
img_00170.jpg,0.592645,0.008357,0.003909,0.064034,0.063960,0.240592,0.001654,0.024849
img_00171.jpg,0.345384,0.003219,0.004364,0.026962,0.030794,0.569794,0.000644,0.018839
img_00172.jpg,0.035590,0.000506,0.001261,0.000045,0.956672,0.001433,0.000644,0.003848
img_00175.jpg,0.286715,0.001996,0.002253,0.046135,0.007510,0.639345,0.001103,0.014943
img_00180.jpg,0.431342,0.001631,0.001671,0.000456,0.018410,0.021604,0.015408,0.509477
img_00196.jpg,0.034711,0.027621,0.000393,0.000093,0.846668,0.003625,0.000177,0.086711
img_00212.jpg,0.255968,0.000827,0.000296,0.000062,0.027348,0.003466,0.001770,0.710262
img_00223.jpg,0.673791,0.008306,0.096895,0.002500,0.005256,0.130091,0.000823,0.082339
img_00230.jpg,0.784363,0.051797,0.008709,0.001775,0.000475,0.016591,0.002536,0.133754
img_00232.jpg,0.012479,0.086967,0.001079,0.000407,0.014754,0.001497,0.875897,0.006920
img_00244.jpg,0.646727,0.156403,0.000393,0.003462,0.008672,0.082198,0.002914,0.099231
img_00272.jpg,0.495130,0.153015,0.183341,0.000896,0.006515,0.053761,0.000725,0.106618
img_00280.jpg,0.567023,0.014523,0.015936,0.000585,0.319443,0.045408,0.000203,0.036878
img_00282.jpg,0.177596,0.007142,0.001553,0.025906,0.039174,0.718821,0.001110,0.028698
img_00285.jpg,0.480159,0.055687,0.005167,0.003944,0.043981,0.022275,0.168417,0.220371
img_00289.jpg,0.758815,0.006958,0.000845,0.000090,0.191008,0.025206,0.000090,0.016988
img_00292.jpg,0.499404,0.128800,0.000554,0.002701,0.008958,0.075509,0.020627,0.263446
img_00302.jpg,0.360213,0.063028,0.002489,0.001941,0.009623,0.071644,0.172150,0.318913
img_00311.jpg,0.940520,0.016086,0.000508,0.000019,0.034266,0.002083,0.000116,0.006404
img_00320.jpg,0.954343,0.011478,0.007055,0.000024,0.009375,0.000439,0.000681,0.016604
img_00331.jpg,0.255840,0.022101,0.001999,0.000614,0.009702,0.317106,0.042087,0.350549
img_00358.jpg,0.320053,0.011790,0.000280,0.001257,0.003387,0.301794,0.053647,0.307791
img_00374.jpg,0.711204,0.007181,0.004554,0.004690,0.001293,0.051524,0.000535,0.219020
img_00375.jpg,0.225490,0.044135,0.057482,0.002337,0.390923,0.242760,0.000557,0.036315
img_00376.jpg,0.482772,0.010250,0.002678,0.000591,0.011423,0.040759,0.070265,0.381262
img_00380.jpg,0.737169,0.005715,0.004152,0.003046,0.049173,0.179224,0.001995,0.019526
img_00383.jpg,0.951471,0.018015,0.000458,0.000047,0.007263,0.001319,0.000435,0.020991
img_00398.jpg,0.493080,0.003052,0.000148,0.000018,0.452976,0.009628,0.005879,0.035218
img_00407.jpg,0.813666,0.011664,0.004604,0.027456,0.016857,0.085160,0.000549,0.040043
img_00417.jpg,0.445910,0.000452,0.000766,0.000204,0.014984,0.009035,0.001747,0.526902
img_00432.jpg,0.387254,0.026674,0.097804,0.011263,0.169170,0.270890,0.002671,0.034275
img_00442.jpg,0.010377,0.012710,0.023530,0.000197,0.001801,0.039948,0.001445,0.909993
img_00446.jpg,0.870004,0.013327,0.000228,0.001636,0.050620,0.058757,0.000988,0.004441
img_00469.jpg,0.765177,0.041251,0.000975,0.003474,0.057842,0.070955,0.003485,0.056841
img_00473.jpg,0.922404,0.000749,0.002783,0.000187,0.024160,0.002777,0.000909,0.046032
img_00483.jpg,0.759166,0.001397,0.000209,0.000016,0.025926,0.000262,0.001387,0.211637
img_00484.jpg,0.601093,0.046823,0.000835,0.002538,0.056165,0.152556,0.006947,0.133044
img_00486.jpg,0.871763,0.014517,0.022458,0.012917,0.037930,0.022770,0.001276,0.016369
img_00487.jpg,0.009558,0.001394,0.000350,0.000335,0.969863,0.000699,0.010848,0.006953
img_00493.jpg,0.171077,0.021566,0.002659,0.004108,0.680890,0.041549,0.003138,0.075013
img_00518.jpg,0.806080,0.000516,0.001656,0.000125,0.150573,0.012123,0.019484,0.009443
img_00533.jpg,0.216433,0.037535,0.001122,0.002952,0.011330,0.076972,0.152299,0.501358
img_00538.jpg,0.605412,0.022090,0.005680,0.013471,0.050965,0.071117,0.000771,0.230494
img_00543.jpg,0.960432,0.007637,0.000104,0.000027,0.022331,0.000507,0.000205,0.008757
img_00550.jpg,0.490101,0.027551,0.117528,0.003960,0.046290,0.288305,0.001146,0.025119
img_00551.jpg,0.635134,0.002491,0.004609,0.018173,0.092073,0.232637,0.000458,0.014425
img_00564.jpg,0.016267,0.006308,0.001095,0.000398,0.891536,0.079917,0.000228,0.004249
img_00575.jpg,0.544740,0.018279,0.000379,0.000588,0.004426,0.046318,0.033389,0.351882
img_00582.jpg,0.537867,0.017489,0.001619,0.000396,0.096944,0.258612,0.000972,0.086100
img_00584.jpg,0.922469,0.000765,0.000142,0.000015,0.071375,0.000466,0.000156,0.004612
img_00587.jpg,0.531467,0.024306,0.000459,0.000278,0.006283,0.077149,0.029351,0.330709
img_00590.jpg,0.565011,0.050325,0.003137,0.000929,0.016250,0.040701,0.055025,0.268623
img_00591.jpg,0.477956,0.022546,0.006849,0.000268,0.004328,0.021658,0.007075,0.459320
img_00598.jpg,0.838267,0.005315,0.003541,0.002724,0.000807,0.033358,0.000461,0.115528
img_00599.jpg,0.466503,0.016288,0.001048,0.000442,0.005546,0.038105,0.231616,0.240452
img_00612.jpg,0.478767,0.051315,0.000460,0.001510,0.010284,0.320167,0.038479,0.099018
img_00618.jpg,0.511128,0.001091,0.000320,0.000035,0.472923,0.004850,0.000092,0.009561
img_00620.jpg,0.929518,0.002098,0.002295,0.002229,0.038016,0.002901,0.000215,0.022728
img_00642.jpg,0.124295,0.017128,0.012113,0.782523,0.003550,0.040542,0.002699,0.017150
img_00646.jpg,0.062174,0.030705,0.028868,0.000092,0.000738,0.020074,0.001003,0.856345
img_00648.jpg,0.922318,0.031856,0.000173,0.000021,0.021144,0.000756,0.000170,0.023562
img_00650.jpg,0.587720,0.035518,0.003273,0.003528,0.031665,0.134855,0.117767,0.085673
img_00654.jpg,0.710186,0.044593,0.045053,0.004072,0.073878,0.018715,0.002759,0.100745
img_00664.jpg,0.973027,0.002985,0.001477,0.000055,0.013403,0.000061,0.000511,0.008481
img_00667.jpg,0.014814,0.003083,0.000042,0.000016,0.950790,0.001376,0.000118,0.029761
img_00676.jpg,0.028305,0.024240,0.000720,0.000173,0.692249,0.007731,0.000121,0.246460
img_00697.jpg,0.009091,0.010679,0.060610,0.000241,0.001365,0.009712,0.000638,0.907665
img_00708.jpg,0.371237,0.029518,0.001402,0.003002,0.010828,0.144463,0.164094,0.275456
img_00716.jpg,0.075320,0.105236,0.000904,0.004068,0.004557,0.072097,0.105356,0.632462
img_00717.jpg,0.823588,0.036301,0.004217,0.025911,0.014479,0.051462,0.001596,0.042446
img_00718.jpg,0.629081,0.003716,0.002334,0.061261,0.091299,0.177055,0.002572,0.032681
img_00723.jpg,0.270374,0.015823,0.000096,0.000081,0.672923,0.003265,0.000747,0.036692
img_00724.jpg,0.423016,0.002197,0.003460,0.006480,0.064838,0.015063,0.227916,0.257030
img_00726.jpg,0.920385,0.000408,0.000468,0.000073,0.014331,0.003643,0.035977,0.024716
img_00729.jpg,0.754116,0.000474,0.000660,0.000122,0.227803,0.004440,0.005927,0.006458
img_00730.jpg,0.408542,0.011602,0.002685,0.000525,0.021556,0.041693,0.087336,0.426061
img_00757.jpg,0.855197,0.010275,0.010908,0.013720,0.018408,0.021744,0.001268,0.068481
img_00760.jpg,0.306035,0.050337,0.021438,0.414152,0.071535,0.076243,0.005029,0.055231
img_00763.jpg,0.011236,0.005163,0.000099,0.000001,0.891866,0.000026,0.000011,0.091599
img_00764.jpg,0.138012,0.023383,0.028484,0.000026,0.034814,0.022789,0.000325,0.752167
img_00765.jpg,0.155874,0.082127,0.000508,0.023935,0.020151,0.664573,0.004248,0.048584
img_00772.jpg,0.064733,0.024321,0.136720,0.000175,0.002323,0.006181,0.000363,0.765184
img_00773.jpg,0.535231,0.044148,0.153498,0.007583,0.051505,0.200501,0.001778,0.005755
img_00777.jpg,0.663754,0.189758,0.000838,0.002086,0.017680,0.084742,0.001858,0.039284
img_00780.jpg,0.062523,0.079433,0.014624,0.000316,0.001090,0.103464,0.002141,0.736408
img_00798.jpg,0.704417,0.043055,0.001926,0.011334,0.008021,0.064164,0.004163,0.162920
img_00808.jpg,0.917025,0.007038,0.002492,0.001361,0.000907,0.012593,0.000154,0.058431
img_00816.jpg,0.942380,0.001663,0.000385,0.000035,0.027176,0.000460,0.000215,0.027687
img_00828.jpg,0.006246,0.003105,0.000934,0.000027,0.973648,0.009388,0.000244,0.006408
img_00833.jpg,0.155805,0.037127,0.000974,0.001173,0.002905,0.350629,0.226669,0.224718
img_00837.jpg,0.531739,0.017249,0.007498,0.001466,0.002300,0.177315,0.000995,0.261439
img_00855.jpg,0.406668,0.087896,0.006580,0.006233,0.086742,0.038756,0.008995,0.358131
img_00857.jpg,0.948031,0.016351,0.002783,0.000019,0.010873,0.001369,0.000336,0.020237
img_00858.jpg,0.774036,0.013054,0.000351,0.000325,0.125510,0.043224,0.000094,0.043406
img_00865.jpg,0.625141,0.084117,0.008220,0.011094,0.000623,0.140391,0.005172,0.125243
img_00876.jpg,0.046012,0.049217,0.000670,0.000235,0.550730,0.013111,0.000154,0.339873
img_00889.jpg,0.102594,0.135150,0.054791,0.000395,0.006995,0.083106,0.000883,0.616085
img_00894.jpg,0.831913,0.006051,0.004307,0.000152,0.059394,0.011026,0.000062,0.087095
img_00902.jpg,0.033654,0.096444,0.001316,0.000627,0.018097,0.001114,0.836107,0.012641
img_00914.jpg,0.082973,0.031152,0.089305,0.000085,0.153401,0.024240,0.001507,0.617335
img_00921.jpg,0.756811,0.006665,0.001088,0.000317,0.004824,0.051896,0.011748,0.166651
img_00927.jpg,0.810795,0.015273,0.003555,0.000385,0.018790,0.016625,0.007053,0.127524
img_00943.jpg,0.669982,0.011005,0.000811,0.000026,0.030977,0.000823,0.008566,0.277811
img_00948.jpg,0.515333,0.008418,0.007757,0.001564,0.255837,0.035912,0.000115,0.175064
img_00950.jpg,0.548436,0.008612,0.015257,0.001120,0.395794,0.016643,0.000373,0.013765
img_00959.jpg,0.809739,0.013084,0.000186,0.000293,0.154548,0.008251,0.003399,0.010501
img_00962.jpg,0.018903,0.030145,0.054887,0.000406,0.006304,0.006304,0.001100,0.881953
img_00964.jpg,0.073115,0.068977,0.652533,0.000119,0.001818,0.006396,0.001256,0.195786
img_00966.jpg,0.597071,0.019563,0.002866,0.000351,0.143519,0.001260,0.008308,0.227062
img_00974.jpg,0.605251,0.042739,0.002820,0.199201,0.009635,0.059191,0.003670,0.077493
img_00979.jpg,0.054259,0.057508,0.103004,0.001461,0.000530,0.021578,0.005906,0.755754
img_00982.jpg,0.233884,0.639285,0.059332,0.000400,0.005754,0.007753,0.002040,0.051552
img_00985.jpg,0.477705,0.063237,0.000503,0.002083,0.006277,0.043927,0.024013,0.382256
img_00999.jpg,0.821066,0.004256,0.000819,0.000056,0.000750,0.013364,0.019276,0.140414
img_01022.jpg,0.667770,0.008361,0.000726,0.059654,0.151739,0.035508,0.000369,0.075873
img_01031.jpg,0.786232,0.007970,0.013442,0.000497,0.138738,0.044766,0.000176,0.008180
img_01035.jpg,0.728068,0.140925,0.000389,0.005597,0.046722,0.058919,0.001329,0.018051
img_01043.jpg,0.284805,0.043509,0.002310,0.002862,0.501054,0.024458,0.003105,0.137897
img_01058.jpg,0.622646,0.063193,0.005005,0.000047,0.019849,0.001668,0.000528,0.287065
img_01059.jpg,0.514034,0.065678,0.003564,0.006623,0.024140,0.153221,0.068046,0.164695
img_01090.jpg,0.160627,0.051072,0.000926,0.000170,0.697523,0.005992,0.000069,0.083622
img_01102.jpg,0.483777,0.238489,0.027819,0.002187,0.035364,0.005069,0.000317,0.206978
img_01103.jpg,0.231375,0.272511,0.019876,0.010621,0.004493,0.008121,0.020671,0.432334
img_01116.jpg,0.895354,0.009600,0.008269,0.006521,0.005408,0.022965,0.001407,0.050475
img_01134.jpg,0.692626,0.002464,0.004432,0.038193,0.055883,0.188690,0.000170,0.017543
img_01142.jpg,0.856423,0.004599,0.001657,0.000451,0.012258,0.017518,0.000783,0.106312
img_01168.jpg,0.110167,0.114231,0.000770,0.007587,0.014899,0.723167,0.003766,0.025412
img_01171.jpg,0.013537,0.005308,0.000060,0.000001,0.792616,0.000006,0.000006,0.188465
img_01177.jpg,0.661763,0.013044,0.004304,0.001473,0.120739,0.054706,0.001622,0.142350
img_01179.jpg,0.929608,0.003646,0.000376,0.028483,0.012487,0.018408,0.000861,0.006131
img_01188.jpg,0.195207,0.066287,0.000886,0.026083,0.034367,0.612508,0.008739,0.055923
img_01198.jpg,0.485783,0.033562,0.008886,0.000319,0.234627,0.018760,0.000340,0.217723
img_01204.jpg,0.019488,0.004408,0.000036,0.000024,0.909334,0.000736,0.000090,0.065883
img_01208.jpg,0.339493,0.001178,0.001543,0.000052,0.650939,0.003984,0.000069,0.002743
img_01211.jpg,0.771323,0.027838,0.003145,0.000077,0.075267,0.001123,0.000506,0.120720
img_01213.jpg,0.793513,0.047411,0.006362,0.003746,0.002971,0.019636,0.001083,0.125277
img_01222.jpg,0.606956,0.058979,0.000786,0.024565,0.005281,0.024811,0.025713,0.252909
img_01224.jpg,0.044623,0.064528,0.172878,0.000573,0.001241,0.012247,0.002377,0.701533
img_01237.jpg,0.311939,0.016901,0.000243,0.000033,0.619481,0.014629,0.007576,0.029199
img_01249.jpg,0.343899,0.005192,0.119649,0.030952,0.464436,0.010552,0.001426,0.023893
img_01253.jpg,0.004693,0.003374,0.000406,0.000008,0.005576,0.130465,0.000297,0.855181
img_01286.jpg,0.373602,0.021754,0.000401,0.001076,0.510418,0.042079,0.001230,0.049440
img_01289.jpg,0.443530,0.106127,0.003331,0.011689,0.029355,0.141302,0.070384,0.194283
img_01325.jpg,0.310826,0.199278,0.003649,0.000857,0.398182,0.006698,0.000113,0.080397
img_01328.jpg,0.829223,0.023921,0.012654,0.006160,0.002529,0.048183,0.002151,0.075178
img_01366.jpg,0.176215,0.001473,0.003066,0.030483,0.008353,0.773421,0.001521,0.005469
img_01371.jpg,0.441506,0.008966,0.007300,0.000107,0.099802,0.003057,0.000048,0.439214
img_01373.jpg,0.506210,0.025564,0.073799,0.002269,0.199175,0.086926,0.000653,0.105405
img_01377.jpg,0.424949,0.014059,0.006313,0.004945,0.474097,0.018248,0.000510,0.056879
img_01379.jpg,0.716856,0.025661,0.008613,0.002909,0.015099,0.207762,0.000887,0.022214
img_01384.jpg,0.512666,0.013642,0.151089,0.005462,0.034929,0.246449,0.002820,0.032944
img_01388.jpg,0.448731,0.236023,0.003380,0.000711,0.017608,0.252263,0.000685,0.040600
img_01392.jpg,0.044633,0.106643,0.262662,0.000336,0.006583,0.010203,0.001741,0.567200
img_01399.jpg,0.022549,0.132549,0.062825,0.000597,0.014384,0.042844,0.008708,0.715544
img_01404.jpg,0.722717,0.047555,0.002898,0.115507,0.012006,0.021283,0.000230,0.077804
img_01405.jpg,0.943627,0.007793,0.000439,0.000834,0.008607,0.022472,0.000498,0.015729
img_01413.jpg,0.691107,0.036102,0.001626,0.009909,0.130444,0.059152,0.001337,0.070322
img_01426.jpg,0.122709,0.724072,0.002582,0.000037,0.001407,0.012474,0.004152,0.132566
img_01431.jpg,0.238736,0.038683,0.012025,0.609867,0.011828,0.039463,0.003750,0.045647
img_01441.jpg,0.037548,0.027441,0.011885,0.000059,0.075462,0.272740,0.001380,0.573486
img_01444.jpg,0.366072,0.038407,0.001200,0.000638,0.020801,0.315232,0.082082,0.175568
img_01490.jpg,0.015216,0.013453,0.441316,0.000364,0.001789,0.005571,0.001470,0.520820
img_01495.jpg,0.474747,0.010154,0.005013,0.000448,0.000175,0.043625,0.000208,0.465630
img_01505.jpg,0.011909,0.008400,0.000100,0.000010,0.908071,0.001573,0.000134,0.069803
img_01511.jpg,0.901505,0.008206,0.003796,0.002452,0.016224,0.055944,0.000643,0.011230
img_01519.jpg,0.430947,0.093809,0.000979,0.004074,0.009319,0.214431,0.062478,0.183964
img_01530.jpg,0.525183,0.007154,0.009408,0.000346,0.333975,0.014875,0.000180,0.108879
img_01537.jpg,0.745894,0.009406,0.003190,0.000562,0.047743,0.162163,0.000895,0.030146
img_01538.jpg,0.683514,0.025471,0.001000,0.000370,0.007274,0.229584,0.001790,0.050997
img_01541.jpg,0.011560,0.001590,0.000184,0.000037,0.982196,0.001845,0.000405,0.002182
img_01543.jpg,0.723488,0.000668,0.002568,0.000012,0.234106,0.000753,0.000279,0.038127
img_01548.jpg,0.838397,0.004780,0.000444,0.000074,0.092080,0.001010,0.000388,0.062827
img_01552.jpg,0.955653,0.011486,0.004848,0.000029,0.003585,0.000618,0.000346,0.023435
img_01561.jpg,0.039614,0.001498,0.001151,0.000076,0.953815,0.001706,0.000051,0.002090
img_01562.jpg,0.240160,0.008189,0.001874,0.000391,0.002352,0.011981,0.049202,0.685852
img_01571.jpg,0.530757,0.012245,0.002896,0.000042,0.032478,0.003114,0.010399,0.408071
img_01593.jpg,0.428570,0.026364,0.002631,0.001297,0.004721,0.196017,0.023254,0.317146
img_01595.jpg,0.053896,0.003736,0.000293,0.000184,0.702979,0.001121,0.001231,0.236561
img_01616.jpg,0.540306,0.010918,0.018267,0.000108,0.172611,0.046045,0.058877,0.152868
img_01618.jpg,0.580816,0.208830,0.000291,0.001161,0.026974,0.153348,0.001248,0.027332
img_01627.jpg,0.814195,0.027254,0.004452,0.004000,0.002821,0.127538,0.001522,0.018219
img_01632.jpg,0.931190,0.004726,0.000290,0.000037,0.030349,0.000430,0.000115,0.032862
img_01633.jpg,0.544675,0.040018,0.001020,0.001505,0.009654,0.333762,0.023279,0.046087
img_01640.jpg,0.946262,0.018517,0.000493,0.000021,0.015658,0.001222,0.000248,0.017578
img_01646.jpg,0.854435,0.060204,0.002400,0.003519,0.003443,0.012095,0.001934,0.061970
img_01647.jpg,0.476098,0.002550,0.002887,0.000083,0.502332,0.000400,0.000728,0.014923
img_01649.jpg,0.628509,0.003982,0.001037,0.017189,0.231405,0.028686,0.037303,0.051888
img_01657.jpg,0.015165,0.021511,0.400156,0.000455,0.004346,0.006041,0.000368,0.551959
img_01669.jpg,0.229748,0.039556,0.006204,0.613999,0.040193,0.014544,0.006591,0.049164
img_01673.jpg,0.507301,0.006957,0.000205,0.000108,0.457810,0.006279,0.003576,0.017764
img_01681.jpg,0.327861,0.004380,0.001060,0.000020,0.091513,0.000513,0.000799,0.573854
img_01684.jpg,0.201595,0.017383,0.003871,0.006696,0.002140,0.104896,0.001395,0.662024
img_01685.jpg,0.395142,0.017743,0.158712,0.017553,0.117352,0.188124,0.003076,0.102297
img_01687.jpg,0.481229,0.033838,0.005660,0.000989,0.031350,0.022367,0.038081,0.386485
img_01688.jpg,0.273135,0.044300,0.001437,0.004772,0.020175,0.191853,0.107674,0.356654
img_01689.jpg,0.123647,0.172099,0.006486,0.000647,0.005582,0.253433,0.002812,0.435294
img_01716.jpg,0.001911,0.000387,0.000169,0.000016,0.996693,0.000299,0.000197,0.000328
img_01717.jpg,0.393447,0.026655,0.000294,0.000107,0.547229,0.004657,0.001998,0.025613
img_01724.jpg,0.705364,0.008258,0.007139,0.000749,0.077409,0.151406,0.000993,0.048682
img_01745.jpg,0.741018,0.035347,0.081759,0.003314,0.037085,0.047904,0.005044,0.048530
img_01771.jpg,0.884107,0.021572,0.006615,0.000703,0.000770,0.031754,0.001990,0.052488
img_01773.jpg,0.243418,0.023653,0.001689,0.000388,0.001993,0.016118,0.138678,0.574063
img_01781.jpg,0.322760,0.001120,0.001559,0.291915,0.109611,0.251976,0.000539,0.020520
img_01782.jpg,0.146189,0.009611,0.000213,0.000071,0.720337,0.001100,0.003515,0.118964
img_01802.jpg,0.841032,0.006940,0.001419,0.000076,0.123049,0.009819,0.007084,0.010582
img_01803.jpg,0.063000,0.114599,0.645890,0.000067,0.004694,0.009258,0.000981,0.161511
img_01824.jpg,0.688184,0.028938,0.000467,0.001678,0.004918,0.221560,0.013005,0.041249
img_01825.jpg,0.066912,0.743131,0.016250,0.000808,0.133958,0.002671,0.000421,0.035850
img_01831.jpg,0.620611,0.003393,0.001771,0.034441,0.053279,0.262522,0.000242,0.023740
img_01834.jpg,0.062532,0.046605,0.140539,0.000419,0.001438,0.037920,0.002180,0.708366
img_01847.jpg,0.226574,0.078949,0.002806,0.002205,0.002200,0.149650,0.055849,0.481767
img_01853.jpg,0.715014,0.019778,0.009020,0.002054,0.064673,0.038727,0.021104,0.129630
img_01856.jpg,0.949092,0.000283,0.000394,0.000260,0.020154,0.001642,0.000605,0.027571
img_01860.jpg,0.710456,0.011353,0.002239,0.000781,0.026832,0.058457,0.045686,0.144195
img_01862.jpg,0.617686,0.017783,0.008519,0.000781,0.126447,0.132277,0.000553,0.095954
img_01874.jpg,0.511707,0.054018,0.000882,0.000581,0.016844,0.160515,0.020181,0.235272
img_01888.jpg,0.240769,0.116414,0.001170,0.021791,0.027301,0.528168,0.004046,0.060341
img_01918.jpg,0.494580,0.025167,0.075259,0.154225,0.022931,0.023847,0.094989,0.109002
img_01930.jpg,0.751517,0.009525,0.011119,0.004832,0.049799,0.147201,0.002865,0.023142
img_01932.jpg,0.818721,0.020280,0.000637,0.003901,0.065262,0.023459,0.004390,0.063348
img_01955.jpg,0.032125,0.001161,0.002413,0.000119,0.042520,0.011332,0.001184,0.909146
img_01963.jpg,0.973978,0.000314,0.000200,0.000025,0.007027,0.001855,0.000309,0.016293
img_01966.jpg,0.889644,0.010219,0.002766,0.001507,0.000206,0.016645,0.000970,0.078043
img_01976.jpg,0.873371,0.022692,0.002093,0.000056,0.011200,0.000755,0.000532,0.089303
img_01983.jpg,0.420743,0.002826,0.011967,0.001346,0.517691,0.003350,0.000447,0.041630
img_01984.jpg,0.174442,0.018932,0.001910,0.001973,0.001934,0.033767,0.000273,0.766768
img_01995.jpg,0.080975,0.025818,0.000305,0.033003,0.038228,0.589570,0.005575,0.226525
img_01996.jpg,0.314512,0.034984,0.000226,0.001659,0.027099,0.594407,0.008731,0.018383
img_02001.jpg,0.436483,0.014364,0.000962,0.000904,0.012460,0.364384,0.008570,0.161872
img_02006.jpg,0.398017,0.044793,0.245742,0.013540,0.116660,0.130370,0.001160,0.049718
img_02066.jpg,0.737795,0.014812,0.017857,0.003296,0.104722,0.019755,0.001575,0.100188
img_02074.jpg,0.833472,0.034460,0.005125,0.023066,0.010708,0.031980,0.000272,0.060916
img_02076.jpg,0.378148,0.151817,0.003008,0.000424,0.343933,0.005034,0.000220,0.117417
img_02077.jpg,0.303110,0.033861,0.022011,0.153324,0.050949,0.382438,0.005455,0.048852
img_02078.jpg,0.140372,0.001860,0.033908,0.000063,0.626507,0.022291,0.000143,0.174856
img_02082.jpg,0.286621,0.001101,0.000200,0.000086,0.645023,0.003283,0.054507,0.009180
img_02083.jpg,0.015054,0.000925,0.000113,0.000439,0.968073,0.012825,0.000321,0.002249
img_02096.jpg,0.971221,0.000455,0.002344,0.000008,0.011206,0.000913,0.001193,0.012661
img_02119.jpg,0.724570,0.017206,0.098801,0.001914,0.010955,0.125831,0.000959,0.019765
img_02124.jpg,0.189868,0.010625,0.000227,0.001240,0.018198,0.727798,0.004236,0.047807
img_02135.jpg,0.124004,0.034303,0.000558,0.015446,0.810646,0.002007,0.006467,0.006568
img_02146.jpg,0.492199,0.006992,0.002674,0.000467,0.470008,0.003382,0.000260,0.024018
img_02159.jpg,0.148776,0.000929,0.057959,0.011809,0.595492,0.132627,0.003049,0.049359
img_02172.jpg,0.677896,0.014600,0.006590,0.000339,0.078301,0.188353,0.001848,0.032074
img_02180.jpg,0.817019,0.031569,0.001172,0.003072,0.019647,0.059637,0.013923,0.053960
img_02188.jpg,0.562728,0.026733,0.000673,0.000598,0.004551,0.051226,0.087342,0.266148
img_02194.jpg,0.910139,0.003053,0.000167,0.000032,0.071529,0.009534,0.000104,0.005442
img_02209.jpg,0.286756,0.016872,0.000218,0.001736,0.040365,0.543581,0.040070,0.070403
img_02216.jpg,0.151075,0.331908,0.024312,0.000068,0.258836,0.051460,0.001033,0.181309
img_02231.jpg,0.176422,0.011215,0.000497,0.110987,0.466811,0.214161,0.006843,0.013065
img_02235.jpg,0.088894,0.071233,0.000326,0.046718,0.024978,0.646576,0.003902,0.117373
img_02252.jpg,0.864127,0.000645,0.001033,0.000028,0.123350,0.000793,0.002184,0.007841
img_02268.jpg,0.902665,0.030909,0.015112,0.002831,0.029653,0.010851,0.000887,0.007092
img_02270.jpg,0.763934,0.019690,0.022960,0.002504,0.153350,0.010351,0.000416,0.026795
img_02281.jpg,0.352550,0.030117,0.002021,0.033866,0.372208,0.199725,0.003629,0.005884
img_02282.jpg,0.004109,0.001814,0.004177,0.000084,0.000169,0.002951,0.000086,0.986611
img_02285.jpg,0.953422,0.000352,0.000096,0.000024,0.036670,0.003956,0.004523,0.000956
img_02291.jpg,0.968767,0.010913,0.002236,0.000030,0.010049,0.000312,0.000071,0.007623
img_02299.jpg,0.694211,0.067433,0.000799,0.011059,0.004245,0.062984,0.012943,0.146327
img_02305.jpg,0.054335,0.220565,0.000814,0.097443,0.060153,0.285949,0.012962,0.267778
img_02307.jpg,0.490060,0.032497,0.000268,0.002347,0.006838,0.087654,0.009058,0.371278
img_02309.jpg,0.959272,0.007742,0.000422,0.000024,0.016965,0.001129,0.000250,0.014196
img_02318.jpg,0.082737,0.007125,0.001911,0.000359,0.098709,0.023905,0.002623,0.782631
img_02347.jpg,0.206651,0.059803,0.013972,0.000609,0.393395,0.009420,0.000122,0.316028
img_02356.jpg,0.354458,0.001855,0.005894,0.001529,0.036848,0.029928,0.017068,0.552420
img_02367.jpg,0.844271,0.002871,0.000195,0.001776,0.112347,0.021604,0.005967,0.010970
img_02372.jpg,0.012932,0.001907,0.003003,0.000267,0.962962,0.016389,0.000192,0.002350
img_02379.jpg,0.745799,0.002381,0.002389,0.000556,0.016692,0.002198,0.013458,0.216526
img_02384.jpg,0.493988,0.053912,0.000561,0.000812,0.006447,0.107140,0.057760,0.279380
img_02398.jpg,0.537352,0.005166,0.006709,0.049579,0.002372,0.334218,0.000467,0.064137
img_02400.jpg,0.689866,0.032063,0.042193,0.004977,0.080942,0.054256,0.000827,0.094875
img_02406.jpg,0.400205,0.014855,0.021330,0.233842,0.069923,0.240047,0.003939,0.015859
img_02412.jpg,0.565686,0.002838,0.001364,0.000034,0.141380,0.002715,0.000451,0.285533
img_02416.jpg,0.255583,0.636062,0.025126,0.000195,0.011416,0.022320,0.000582,0.048716
img_02422.jpg,0.078673,0.018101,0.000393,0.001226,0.001642,0.080952,0.301938,0.517074
img_02479.jpg,0.043894,0.003230,0.001321,0.000152,0.942175,0.000781,0.002705,0.005742
img_02486.jpg,0.487098,0.013384,0.028794,0.000585,0.001122,0.238587,0.001139,0.229293
img_02487.jpg,0.875400,0.008031,0.000356,0.000008,0.023072,0.000724,0.000949,0.091461
img_02507.jpg,0.476601,0.011459,0.220144,0.009958,0.034265,0.175938,0.003148,0.068486
img_02522.jpg,0.562335,0.171415,0.001626,0.037211,0.118163,0.078008,0.002011,0.029231
img_02540.jpg,0.303204,0.014919,0.102485,0.009279,0.120454,0.413590,0.003500,0.032568
img_02546.jpg,0.130080,0.047617,0.000824,0.000155,0.052932,0.003693,0.000121,0.764578
img_02556.jpg,0.792962,0.012778,0.001971,0.000456,0.006020,0.013169,0.024240,0.148404
img_02560.jpg,0.105855,0.032906,0.000424,0.003952,0.811786,0.008473,0.002287,0.034317
img_02563.jpg,0.013503,0.001318,0.000988,0.000173,0.975369,0.005137,0.000088,0.003423
img_02565.jpg,0.507267,0.036342,0.005358,0.001819,0.007599,0.129385,0.068109,0.244121
img_02573.jpg,0.203633,0.689753,0.026992,0.000383,0.004886,0.024013,0.001074,0.049265
img_02574.jpg,0.411737,0.003688,0.000135,0.000590,0.523237,0.023506,0.000577,0.036531
img_02602.jpg,0.691598,0.072989,0.000850,0.000835,0.011596,0.033257,0.000741,0.188134
img_02607.jpg,0.272520,0.012422,0.009168,0.026842,0.322396,0.141558,0.013974,0.201120
img_02622.jpg,0.765061,0.006872,0.000193,0.000259,0.010228,0.013915,0.025088,0.178384
img_02625.jpg,0.573664,0.044365,0.000911,0.005874,0.024293,0.293763,0.018776,0.038355
img_02636.jpg,0.495079,0.100748,0.017537,0.000555,0.106498,0.003675,0.001526,0.274382
img_02638.jpg,0.834497,0.005685,0.002772,0.001322,0.000603,0.072476,0.000641,0.082005
img_02641.jpg,0.895380,0.002924,0.000760,0.000194,0.010497,0.049887,0.000319,0.040039
img_02646.jpg,0.046965,0.008281,0.000301,0.003946,0.030535,0.069511,0.006882,0.833579
img_02648.jpg,0.233918,0.090224,0.058421,0.001160,0.014162,0.106274,0.001581,0.494260
img_02651.jpg,0.784240,0.000808,0.005608,0.000016,0.177211,0.002659,0.000423,0.029036
img_02656.jpg,0.511256,0.094703,0.003514,0.149864,0.003689,0.089130,0.001589,0.146256
img_02666.jpg,0.898898,0.001390,0.000281,0.000033,0.045284,0.000463,0.000130,0.053521
img_02679.jpg,0.306209,0.112295,0.004245,0.005336,0.517503,0.000642,0.000187,0.053583
img_02687.jpg,0.031671,0.001022,0.002539,0.000624,0.095311,0.005359,0.001327,0.862148
img_02699.jpg,0.761681,0.005136,0.000228,0.000075,0.124514,0.015448,0.041361,0.051556
img_02702.jpg,0.943281,0.001038,0.000437,0.000011,0.021375,0.000091,0.000184,0.033582
img_02703.jpg,0.231679,0.002901,0.006587,0.002238,0.034344,0.019798,0.048943,0.653511
img_02709.jpg,0.895051,0.006641,0.008197,0.009083,0.014561,0.032316,0.000710,0.033440
img_02726.jpg,0.508532,0.002451,0.023513,0.001092,0.442232,0.014510,0.000643,0.007027
img_02733.jpg,0.815976,0.029644,0.010077,0.012389,0.049637,0.069326,0.000156,0.012795
img_02734.jpg,0.773214,0.021697,0.000677,0.001151,0.039249,0.065659,0.000643,0.097711
img_02739.jpg,0.962821,0.006643,0.000196,0.000017,0.024869,0.001416,0.000126,0.003910
img_02749.jpg,0.610450,0.006702,0.003164,0.049227,0.112317,0.182030,0.001678,0.034432
img_02759.jpg,0.141616,0.082095,0.036977,0.000871,0.002811,0.076670,0.000299,0.658662
img_02764.jpg,0.895137,0.002223,0.000102,0.000016,0.079011,0.018959,0.000041,0.004512
img_02766.jpg,0.933545,0.010945,0.002749,0.000048,0.007548,0.000461,0.001277,0.043427
img_02769.jpg,0.116501,0.062498,0.046864,0.000586,0.001646,0.048668,0.000341,0.722897
img_02771.jpg,0.930260,0.020398,0.001378,0.003265,0.000154,0.004646,0.000115,0.039784
img_02789.jpg,0.309116,0.000763,0.001366,0.000242,0.637578,0.004379,0.027112,0.019444
img_02799.jpg,0.936213,0.015416,0.000476,0.000091,0.014324,0.001730,0.000784,0.030966
img_02808.jpg,0.811305,0.010020,0.005920,0.030118,0.011902,0.075626,0.000194,0.054914
img_02811.jpg,0.528976,0.002066,0.004233,0.103442,0.134049,0.209869,0.000662,0.016704
img_02830.jpg,0.137162,0.031500,0.001378,0.003713,0.006411,0.086739,0.377398,0.355698
img_02834.jpg,0.715016,0.044446,0.001516,0.000360,0.010422,0.034514,0.031939,0.161787
img_02837.jpg,0.380630,0.128274,0.003650,0.001185,0.015614,0.084312,0.005105,0.381231
img_02838.jpg,0.771260,0.085473,0.021641,0.001692,0.039305,0.046034,0.001225,0.033370
img_02842.jpg,0.403857,0.017033,0.000532,0.002230,0.024127,0.484741,0.020745,0.046734
img_02857.jpg,0.593142,0.197558,0.007369,0.000295,0.133175,0.016354,0.000371,0.051736
img_02865.jpg,0.079232,0.007236,0.000057,0.000034,0.836025,0.001314,0.000060,0.076042
img_02871.jpg,0.053768,0.058674,0.000951,0.002768,0.006677,0.064494,0.220771,0.591897
img_02876.jpg,0.071642,0.014424,0.121550,0.000578,0.054016,0.019793,0.001066,0.716931
img_02889.jpg,0.839355,0.022066,0.011779,0.016227,0.021883,0.016869,0.001801,0.070020
img_02890.jpg,0.280861,0.004772,0.001471,0.085714,0.034958,0.582121,0.003324,0.006779
img_02899.jpg,0.817610,0.009913,0.001818,0.098207,0.029511,0.024456,0.000114,0.018370
img_02904.jpg,0.972093,0.001988,0.002449,0.000524,0.005959,0.009539,0.000214,0.007234
img_02911.jpg,0.154477,0.157150,0.016484,0.010911,0.414997,0.223818,0.004656,0.017508
img_02916.jpg,0.855407,0.003453,0.015709,0.000671,0.063656,0.043008,0.000322,0.017774
img_02920.jpg,0.984145,0.007183,0.000119,0.000276,0.000205,0.005087,0.000105,0.002879
img_02943.jpg,0.873633,0.002427,0.000474,0.013517,0.001121,0.098894,0.000144,0.009790
img_02949.jpg,0.738205,0.004648,0.030004,0.010794,0.135776,0.025396,0.001058,0.054119
img_02954.jpg,0.333385,0.042092,0.001711,0.000101,0.049771,0.066297,0.002262,0.504381
img_02956.jpg,0.505876,0.034240,0.010093,0.000191,0.014931,0.013967,0.002771,0.417932
img_02964.jpg,0.009880,0.041480,0.074452,0.000140,0.001600,0.005000,0.000980,0.866467
img_02974.jpg,0.567654,0.043753,0.003365,0.000036,0.032873,0.001724,0.001886,0.348709
img_02977.jpg,0.427650,0.211646,0.000285,0.000157,0.250851,0.002195,0.000055,0.107162
img_02993.jpg,0.124312,0.056754,0.069643,0.000382,0.004498,0.039092,0.005054,0.700265
img_03014.jpg,0.012389,0.002595,0.000188,0.000025,0.945372,0.012252,0.000327,0.026852
img_03043.jpg,0.135074,0.092515,0.017274,0.000551,0.008059,0.145346,0.004189,0.596992
img_03055.jpg,0.769885,0.040398,0.003931,0.014966,0.001775,0.062964,0.001634,0.104447
img_03064.jpg,0.531389,0.022962,0.005733,0.001086,0.040796,0.054296,0.082842,0.260895
img_03069.jpg,0.719354,0.037991,0.000824,0.008033,0.006737,0.070004,0.060053,0.097004
img_03074.jpg,0.940735,0.030997,0.002387,0.003328,0.003623,0.004111,0.001508,0.013311
img_03078.jpg,0.734273,0.063996,0.011067,0.009491,0.004830,0.016667,0.001043,0.158632
img_03080.jpg,0.954533,0.000588,0.000261,0.000049,0.017470,0.000771,0.000564,0.025764
img_03082.jpg,0.421504,0.383451,0.002642,0.002205,0.011848,0.009132,0.000568,0.168650
img_03087.jpg,0.191863,0.014795,0.000944,0.002533,0.753213,0.018659,0.003241,0.014752
img_03116.jpg,0.058717,0.062470,0.000195,0.000002,0.574536,0.000089,0.000131,0.303860
img_03128.jpg,0.883502,0.002853,0.001235,0.000153,0.002272,0.034163,0.030573,0.045248
img_03135.jpg,0.727047,0.007207,0.001320,0.000389,0.012774,0.014651,0.023938,0.212673
img_03140.jpg,0.857436,0.050362,0.000287,0.000502,0.011107,0.027968,0.000662,0.051675
img_03166.jpg,0.838846,0.007769,0.001105,0.000081,0.112224,0.017833,0.007018,0.015124
img_03169.jpg,0.018532,0.112469,0.569945,0.000546,0.011814,0.007443,0.001032,0.278219
img_03181.jpg,0.251481,0.152321,0.002514,0.000529,0.014532,0.553785,0.000807,0.024030
img_03195.jpg,0.631480,0.033426,0.000279,0.000358,0.001450,0.076408,0.011054,0.245544
img_03199.jpg,0.857662,0.005465,0.001512,0.000215,0.008022,0.010830,0.046191,0.070104
img_03210.jpg,0.063131,0.114890,0.174828,0.000146,0.005528,0.020282,0.002172,0.619023
img_03220.jpg,0.796099,0.012394,0.000291,0.002449,0.127659,0.043024,0.001196,0.016888
img_03222.jpg,0.689888,0.169427,0.001305,0.007560,0.012554,0.083997,0.002178,0.033092
img_03223.jpg,0.580822,0.108939,0.004841,0.002408,0.019482,0.060708,0.012622,0.210177
img_03228.jpg,0.503299,0.039864,0.002391,0.038863,0.009073,0.018321,0.000073,0.388116
img_03229.jpg,0.338856,0.028915,0.001518,0.001786,0.000986,0.111867,0.229450,0.286622
img_03231.jpg,0.625342,0.027059,0.029514,0.005090,0.100381,0.025690,0.000716,0.186208
img_03238.jpg,0.322424,0.023854,0.001725,0.001818,0.006755,0.306038,0.044261,0.293126
img_03239.jpg,0.022643,0.087961,0.001971,0.000474,0.029718,0.001463,0.853162,0.002609
img_03252.jpg,0.924598,0.019489,0.005246,0.000049,0.023067,0.000720,0.000140,0.026690
img_03254.jpg,0.132128,0.009637,0.000307,0.001604,0.030020,0.756392,0.005655,0.064258
img_03260.jpg,0.642381,0.010751,0.012840,0.006908,0.024820,0.245640,0.001489,0.055171
img_03261.jpg,0.715012,0.113066,0.026857,0.001849,0.033484,0.046286,0.002154,0.061291
img_03270.jpg,0.327745,0.001278,0.003609,0.000517,0.010437,0.060366,0.010633,0.585414
img_03283.jpg,0.301551,0.053859,0.007532,0.008147,0.002179,0.072528,0.005718,0.548486
img_03290.jpg,0.461456,0.022003,0.004760,0.000366,0.006822,0.014429,0.007861,0.482303
img_03297.jpg,0.961501,0.002596,0.001740,0.000912,0.015061,0.003345,0.000129,0.014715
img_03310.jpg,0.703186,0.024586,0.000569,0.006762,0.009777,0.189533,0.001092,0.064495
img_03312.jpg,0.705462,0.070605,0.000902,0.001137,0.000988,0.087395,0.003987,0.129525
img_03324.jpg,0.048228,0.090065,0.168424,0.000888,0.000856,0.012297,0.002465,0.676776
img_03333.jpg,0.506163,0.047202,0.002978,0.002359,0.015380,0.299056,0.045120,0.081742
img_03342.jpg,0.704860,0.025686,0.000194,0.000291,0.003053,0.057441,0.023562,0.184913
img_03346.jpg,0.792412,0.052896,0.003580,0.002774,0.004981,0.084678,0.001957,0.056721
img_03355.jpg,0.137537,0.012603,0.001886,0.000336,0.001297,0.015668,0.049672,0.781001
img_03361.jpg,0.286117,0.642906,0.005004,0.000766,0.009794,0.010624,0.006456,0.038333
img_03370.jpg,0.806815,0.005867,0.000463,0.000335,0.000885,0.018432,0.031113,0.136090
img_03399.jpg,0.777239,0.121688,0.000826,0.005857,0.037987,0.038490,0.001893,0.016019
img_03410.jpg,0.687599,0.038325,0.000444,0.000054,0.214943,0.000542,0.000066,0.058029
img_03422.jpg,0.745753,0.010477,0.008086,0.077667,0.007216,0.083000,0.000812,0.066989
img_03426.jpg,0.827462,0.002975,0.001042,0.000347,0.071691,0.006210,0.001671,0.088603
img_03439.jpg,0.572998,0.004352,0.001881,0.055530,0.065361,0.265396,0.000429,0.034053
img_03440.jpg,0.034137,0.028475,0.063011,0.000180,0.002642,0.004145,0.000829,0.866581
img_03444.jpg,0.489648,0.290373,0.012773,0.004559,0.008383,0.087554,0.010049,0.096661
img_03445.jpg,0.398795,0.002920,0.001170,0.000046,0.546899,0.000896,0.000769,0.048504
img_03446.jpg,0.019560,0.086729,0.323510,0.000329,0.003564,0.006883,0.002163,0.557263
img_03452.jpg,0.322557,0.556467,0.016660,0.000323,0.011033,0.015400,0.007510,0.070051
img_03454.jpg,0.829717,0.000307,0.000698,0.000078,0.154312,0.003272,0.005755,0.005861
img_03456.jpg,0.003567,0.000831,0.000145,0.000026,0.989875,0.002576,0.000054,0.002928
img_03457.jpg,0.775903,0.016335,0.009793,0.000718,0.041007,0.055281,0.000347,0.100616
img_03471.jpg,0.545227,0.054633,0.112578,0.069480,0.047591,0.017747,0.033741,0.119004
img_03475.jpg,0.272559,0.001207,0.000183,0.000006,0.655846,0.000341,0.000004,0.069854
img_03488.jpg,0.824769,0.081348,0.002916,0.003384,0.000317,0.052917,0.001255,0.033094
img_03490.jpg,0.265439,0.623209,0.021274,0.000220,0.023644,0.020681,0.000431,0.045102
img_03502.jpg,0.596618,0.023369,0.000296,0.000842,0.011828,0.044177,0.023476,0.299395
img_03504.jpg,0.464498,0.134912,0.005703,0.001284,0.015310,0.343286,0.002097,0.032911
img_03520.jpg,0.673740,0.043120,0.019304,0.002555,0.108545,0.032759,0.001795,0.118182
img_03527.jpg,0.023820,0.112771,0.157657,0.000078,0.007496,0.014125,0.000182,0.683870
img_03547.jpg,0.958469,0.019160,0.001019,0.002651,0.000600,0.014292,0.000745,0.003065
img_03548.jpg,0.463821,0.032682,0.004133,0.004887,0.017679,0.134189,0.146257,0.196353
img_03554.jpg,0.936999,0.010862,0.000423,0.000115,0.018605,0.001216,0.001096,0.030684
img_03563.jpg,0.377552,0.134165,0.001401,0.005126,0.031227,0.015887,0.001349,0.433293
img_03581.jpg,0.651839,0.002046,0.001961,0.044319,0.057487,0.217803,0.000392,0.024154
img_03584.jpg,0.010046,0.001707,0.008605,0.000021,0.081713,0.000579,0.002039,0.895289
img_03587.jpg,0.207245,0.042232,0.001033,0.000724,0.010857,0.020371,0.043925,0.673613
img_03588.jpg,0.309658,0.031019,0.000358,0.001894,0.042780,0.491688,0.077608,0.044995
img_03602.jpg,0.204047,0.015674,0.000489,0.001887,0.022568,0.731920,0.008679,0.014736
img_03627.jpg,0.954736,0.010914,0.002295,0.000050,0.018142,0.000851,0.000169,0.012843
img_03628.jpg,0.991184,0.000078,0.000332,0.000033,0.002105,0.000424,0.000243,0.005600
img_03652.jpg,0.807010,0.004313,0.000246,0.000030,0.156817,0.013889,0.000094,0.017602
img_03670.jpg,0.815764,0.000454,0.001917,0.000185,0.151937,0.009840,0.010060,0.009842
img_03674.jpg,0.292588,0.009038,0.001040,0.007415,0.651112,0.012044,0.002104,0.024658
img_03677.jpg,0.863093,0.020525,0.006141,0.031745,0.006174,0.019607,0.002198,0.050516
img_03711.jpg,0.853004,0.029520,0.008269,0.000595,0.007752,0.035571,0.000838,0.064451
img_03715.jpg,0.215652,0.061821,0.005988,0.064459,0.333601,0.265611,0.003316,0.049551
img_03718.jpg,0.700333,0.005881,0.003679,0.050468,0.061994,0.144256,0.000344,0.033044
img_03726.jpg,0.041732,0.218521,0.000308,0.066074,0.070381,0.403980,0.018321,0.180682
img_03739.jpg,0.054333,0.071344,0.071283,0.000623,0.001543,0.135299,0.010769,0.654805
img_03749.jpg,0.229048,0.060973,0.002844,0.010627,0.049389,0.069306,0.102822,0.474991
img_03750.jpg,0.457046,0.020953,0.001729,0.000969,0.013066,0.157575,0.124527,0.224135
img_03760.jpg,0.312331,0.033428,0.001300,0.006141,0.014806,0.231426,0.106272,0.294297
img_03764.jpg,0.954805,0.009777,0.002488,0.000208,0.000270,0.007821,0.000421,0.024212
img_03776.jpg,0.439411,0.004821,0.011784,0.000165,0.394698,0.001029,0.000269,0.147823
img_03801.jpg,0.743301,0.002702,0.002266,0.000170,0.044156,0.004586,0.002311,0.200508
img_03805.jpg,0.787722,0.042888,0.003243,0.032513,0.004069,0.045317,0.000954,0.083294
img_03809.jpg,0.489474,0.324217,0.005910,0.000878,0.064991,0.009811,0.017194,0.087526
img_03825.jpg,0.981259,0.005167,0.000287,0.000831,0.000614,0.006330,0.000496,0.005016
