image,ALB,BET,DOL,LAG,NoF,OTHER,SHARK,YFT
img_00005.jpg,0.026646,0.000092,0.000439,0.000034,0.971469,0.000965,0.000132,0.000224
img_00007.jpg,0.272526,0.214735,0.008916,0.029368,0.045775,0.093984,0.007672,0.327022
img_00009.jpg,0.776182,0.029393,0.002051,0.001371,0.019387,0.154049,0.002231,0.015337
img_00018.jpg,0.798412,0.012881,0.005417,0.007213,0.001177,0.144007,0.004525,0.026366
img_00027.jpg,0.659261,0.074296,0.001206,0.002082,0.017259,0.088273,0.019533,0.138091
img_00030.jpg,0.050397,0.000180,0.000118,0.000051,0.942874,0.000172,0.000585,0.005623
img_00040.jpg,0.266840,0.095865,0.003466,0.003369,0.006522,0.096104,0.371205,0.156628
img_00046.jpg,0.756540,0.000945,0.000305,0.000048,0.237744,0.001218,0.002031,0.001169
img_00053.jpg,0.986016,0.000512,0.006092,0.000733,0.001337,0.002304,0.000126,0.002879
img_00071.jpg,0.180875,0.006135,0.002400,0.602032,0.140505,0.048080,0.012541,0.007431
img_00075.jpg,0.251755,0.073459,0.000995,0.003286,0.024140,0.580227,0.000956,0.065182
img_00102.jpg,0.176173,0.096360,0.003247,0.003725,0.008419,0.124609,0.036019,0.551447
img_00103.jpg,0.499757,0.002302,0.004771,0.039202,0.004220,0.018502,0.001493,0.429752
img_00109.jpg,0.912170,0.000287,0.000680,0.000014,0.077690,0.002639,0.000854,0.005665
img_00119.jpg,0.001126,0.007988,0.000202,0.000164,0.955661,0.001172,0.000119,0.033567
img_00120.jpg,0.224834,0.007570,0.006146,0.001030,0.009773,0.014864,0.035807,0.699977
img_00125.jpg,0.853130,0.018874,0.001805,0.001693,0.003080,0.050835,0.003978,0.066604
img_00128.jpg,0.005391,0.052290,0.231560,0.000202,0.001569,0.002723,0.000402,0.705863
img_00129.jpg,0.342608,0.121102,0.015749,0.005323,0.012799,0.067036,0.141356,0.294027
img_00133.jpg,0.122225,0.014224,0.000281,0.003268,0.729837,0.087777,0.002486,0.039901
img_00138.jpg,0.873967,0.027707,0.010948,0.003792,0.027895,0.020072,0.002427,0.033192
img_00141.jpg,0.001794,0.014666,0.048509,0.000685,0.000625,0.002388,0.001729,0.929603
img_00152.jpg,0.020935,0.001158,0.002542,0.000284,0.000747,0.019153,0.000550,0.954630
img_00161.jpg,0.002534,0.000952,0.000927,0.000040,0.005713,0.021983,0.000140,0.967712
img_00164.jpg,0.006066,0.001621,0.001498,0.000308,0.898795,0.003692,0.001680,0.086340
img_00170.jpg,0.803581,0.004782,0.002550,0.021087,0.045754,0.104549,0.000468,0.017229
img_00171.jpg,0.356191,0.001645,0.001570,0.034638,0.007754,0.595916,0.000923,0.001362
img_00172.jpg,0.069148,0.000243,0.000239,0.000040,0.927344,0.001115,0.000380,0.001493
img_00175.jpg,0.341439,0.004032,0.001506,0.034066,0.006933,0.610465,0.000740,0.000818
img_00180.jpg,0.615812,0.002329,0.000777,0.000249,0.030890,0.007779,0.000731,0.341433
img_00196.jpg,0.003188,0.012438,0.000133,0.000070,0.973839,0.001481,0.000126,0.008724
img_00212.jpg,0.110537,0.001300,0.000210,0.000097,0.009655,0.001553,0.000346,0.876302
img_00223.jpg,0.738643,0.003859,0.112224,0.001104,0.001122,0.103495,0.000505,0.039049
img_00230.jpg,0.866972,0.028809,0.001244,0.000970,0.000082,0.006334,0.001601,0.093989
img_00232.jpg,0.003378,0.028618,0.001698,0.000748,0.007562,0.000393,0.948200,0.009402
img_00244.jpg,0.446450,0.449789,0.000453,0.004803,0.003964,0.018627,0.004493,0.071420
img_00272.jpg,0.561004,0.106828,0.132730,0.002423,0.002001,0.020459,0.000933,0.173621
img_00280.jpg,0.726905,0.002443,0.005611,0.000596,0.187414,0.006152,0.000873,0.070007
img_00282.jpg,0.150970,0.000664,0.001108,0.014656,0.002599,0.825252,0.000395,0.004356
img_00285.jpg,0.818885,0.023964,0.002173,0.002412,0.046996,0.010077,0.020885,0.074608
img_00289.jpg,0.714712,0.001517,0.000526,0.000590,0.261525,0.007835,0.000139,0.013156
img_00292.jpg,0.316556,0.073210,0.000887,0.003002,0.026299,0.057090,0.008423,0.514533
img_00302.jpg,0.363085,0.100354,0.004174,0.003331,0.005865,0.061839,0.223276,0.238076
img_00311.jpg,0.970168,0.009744,0.000130,0.000056,0.015935,0.000867,0.000196,0.002904
img_00320.jpg,0.990428,0.000781,0.002271,0.000023,0.001151,0.000203,0.000235,0.004909
img_00331.jpg,0.325741,0.042746,0.005251,0.004024,0.018348,0.245086,0.050258,0.308545
img_00358.jpg,0.364126,0.024911,0.000614,0.002838,0.012617,0.357354,0.019954,0.217586
img_00374.jpg,0.772956,0.021777,0.007581,0.002311,0.000994,0.035558,0.000692,0.158131
img_00375.jpg,0.273330,0.108797,0.041364,0.013796,0.333081,0.220785,0.001376,0.007472
img_00376.jpg,0.446622,0.010676,0.004845,0.001781,0.021707,0.065759,0.088344,0.360267
img_00380.jpg,0.888362,0.009417,0.006192,0.005600,0.035306,0.053498,0.000689,0.000936
img_00383.jpg,0.981498,0.003809,0.000180,0.000041,0.010033,0.000673,0.000205,0.003560
img_00398.jpg,0.649660,0.003971,0.000772,0.000076,0.302364,0.015669,0.006125,0.021362
img_00407.jpg,0.738617,0.012978,0.014510,0.056338,0.008898,0.137042,0.000822,0.030795
img_00417.jpg,0.166320,0.001023,0.000991,0.000377,0.013792,0.004173,0.000414,0.812911
img_00432.jpg,0.713611,0.047264,0.024422,0.006746,0.017814,0.124729,0.007706,0.057708
img_00442.jpg,0.009704,0.002833,0.023659,0.000049,0.001086,0.010734,0.000970,0.950964
img_00446.jpg,0.867634,0.010997,0.000234,0.001644,0.030796,0.084119,0.000405,0.004170
img_00469.jpg,0.603661,0.060389,0.001850,0.011255,0.085161,0.122844,0.011759,0.103080
img_00473.jpg,0.877784,0.000622,0.001727,0.000278,0.011304,0.002225,0.000610,0.105451
img_00483.jpg,0.833138,0.003210,0.000587,0.000098,0.080254,0.000269,0.000306,0.082138
img_00484.jpg,0.532786,0.103396,0.001849,0.027990,0.086905,0.096677,0.025525,0.124871
img_00486.jpg,0.911817,0.003644,0.057952,0.004507,0.002803,0.016077,0.000297,0.002904
img_00487.jpg,0.007398,0.002185,0.000385,0.000398,0.979464,0.001614,0.007876,0.000679
img_00493.jpg,0.056381,0.003711,0.000641,0.000809,0.916433,0.015539,0.000636,0.005849
img_00518.jpg,0.817347,0.000514,0.000671,0.000121,0.158415,0.009666,0.010371,0.002894
img_00533.jpg,0.194268,0.072450,0.001534,0.003239,0.006219,0.071394,0.080662,0.570234
img_00538.jpg,0.812810,0.004959,0.006233,0.004804,0.012068,0.042854,0.000796,0.115476
img_00543.jpg,0.959197,0.010210,0.000225,0.000027,0.028954,0.000635,0.000039,0.000713
img_00550.jpg,0.769526,0.022906,0.047732,0.001173,0.007258,0.143127,0.003991,0.004286
img_00551.jpg,0.700696,0.004335,0.007557,0.022225,0.086309,0.163941,0.000432,0.014506
img_00564.jpg,0.034291,0.001213,0.000511,0.000379,0.944858,0.016648,0.000316,0.001786
img_00575.jpg,0.362357,0.022405,0.002378,0.001554,0.012754,0.055309,0.025975,0.517268
img_00582.jpg,0.542682,0.014675,0.002383,0.002149,0.138995,0.248587,0.001931,0.048598
img_00584.jpg,0.854728,0.002799,0.000391,0.000111,0.133573,0.000326,0.000321,0.007751
img_00587.jpg,0.643598,0.093859,0.000817,0.001360,0.012141,0.036178,0.006219,0.205828
img_00590.jpg,0.553563,0.017885,0.002861,0.001153,0.009791,0.012198,0.013004,0.389544
img_00591.jpg,0.309509,0.015851,0.004843,0.000767,0.008288,0.005519,0.009111,0.646113
img_00598.jpg,0.955348,0.001768,0.001088,0.002275,0.001267,0.013146,0.000453,0.024655
img_00599.jpg,0.731825,0.003433,0.002093,0.000405,0.003231,0.011437,0.015202,0.232374
img_00612.jpg,0.514770,0.031252,0.000687,0.001977,0.031525,0.321064,0.024906,0.073818
img_00618.jpg,0.581284,0.002521,0.000835,0.000131,0.408413,0.001437,0.000065,0.005314
img_00620.jpg,0.973340,0.003440,0.001926,0.000655,0.004893,0.005307,0.000694,0.009744
img_00642.jpg,0.107214,0.009304,0.009681,0.840428,0.002408,0.018258,0.005675,0.007033
img_00646.jpg,0.090284,0.001773,0.046466,0.000128,0.000426,0.007183,0.001065,0.852675
img_00648.jpg,0.959464,0.025434,0.000149,0.000054,0.010147,0.000997,0.000142,0.003613
img_00650.jpg,0.583641,0.034350,0.004396,0.003048,0.028141,0.142539,0.162788,0.041096
img_00654.jpg,0.525785,0.023788,0.031323,0.004423,0.270630,0.086754,0.006537,0.050759
img_00664.jpg,0.992628,0.000182,0.000594,0.000034,0.005628,0.000011,0.000015,0.000909
img_00667.jpg,0.002471,0.002541,0.000026,0.000042,0.991724,0.000233,0.000035,0.002928
img_00676.jpg,0.001805,0.012107,0.000274,0.000166,0.944112,0.003083,0.000128,0.038324
img_00697.jpg,0.004039,0.012111,0.037904,0.000109,0.000148,0.001192,0.000645,0.943854
img_00708.jpg,0.502130,0.048596,0.000701,0.002434,0.027678,0.108271,0.038018,0.272172
img_00716.jpg,0.149303,0.131692,0.001690,0.005271,0.015910,0.073364,0.095367,0.527402
img_00717.jpg,0.780133,0.150872,0.000949,0.015835,0.001835,0.036797,0.006226,0.007353
img_00718.jpg,0.509943,0.002378,0.003181,0.034222,0.237349,0.185667,0.003088,0.024172
img_00723.jpg,0.536413,0.006191,0.000183,0.000211,0.444931,0.001462,0.000357,0.010251
img_00724.jpg,0.609350,0.001663,0.007883,0.002669,0.116090,0.015568,0.134249,0.112528
img_00726.jpg,0.969684,0.000080,0.000822,0.000037,0.005588,0.002176,0.017077,0.004536
img_00729.jpg,0.671602,0.000378,0.000249,0.000046,0.321487,0.003713,0.001114,0.001411
img_00730.jpg,0.203522,0.009127,0.002936,0.000724,0.021484,0.026043,0.029956,0.706209
img_00757.jpg,0.968748,0.000915,0.004924,0.004676,0.002443,0.012667,0.000181,0.005446
img_00760.jpg,0.276682,0.020161,0.009472,0.568190,0.054133,0.039911,0.015593,0.015858
img_00763.jpg,0.002585,0.017457,0.000093,0.000005,0.861724,0.000050,0.000017,0.118069
img_00764.jpg,0.046531,0.045334,0.005795,0.000741,0.118038,0.004550,0.000841,0.778170
img_00765.jpg,0.232852,0.047074,0.002075,0.007831,0.012234,0.675729,0.003525,0.018680
img_00772.jpg,0.033261,0.003263,0.214081,0.000096,0.002041,0.002037,0.000455,0.744766
img_00773.jpg,0.496005,0.019161,0.094437,0.023026,0.014427,0.350692,0.001201,0.001050
img_00777.jpg,0.796023,0.082182,0.000267,0.002058,0.007452,0.102441,0.002177,0.007400
img_00780.jpg,0.043233,0.024310,0.028207,0.000244,0.004152,0.029131,0.002047,0.868677
img_00798.jpg,0.816881,0.019372,0.004465,0.027097,0.047336,0.014215,0.002337,0.068297
img_00808.jpg,0.983122,0.001589,0.000086,0.000358,0.000552,0.001880,0.000038,0.012376
img_00816.jpg,0.882015,0.002077,0.001307,0.000074,0.038541,0.000779,0.000084,0.075125
img_00828.jpg,0.000400,0.000989,0.000134,0.000011,0.997511,0.000655,0.000061,0.000240
img_00833.jpg,0.246117,0.031974,0.000494,0.001274,0.005294,0.265626,0.030737,0.418483
img_00837.jpg,0.939687,0.012242,0.001781,0.002245,0.001670,0.026389,0.000345,0.015640
img_00855.jpg,0.690079,0.072065,0.015956,0.004735,0.030312,0.035762,0.026921,0.124170
img_00857.jpg,0.993762,0.001408,0.000628,0.000023,0.001881,0.000328,0.000286,0.001683
img_00858.jpg,0.953968,0.006907,0.000258,0.000281,0.024556,0.004327,0.000123,0.009580
img_00865.jpg,0.838270,0.098557,0.002079,0.005024,0.000400,0.030925,0.001138,0.023607
img_00876.jpg,0.004812,0.024077,0.000641,0.000317,0.917968,0.002963,0.000289,0.048934
img_00889.jpg,0.043517,0.024320,0.125398,0.000585,0.013859,0.016189,0.000386,0.775746
img_00894.jpg,0.643989,0.002435,0.002540,0.000466,0.188039,0.002703,0.000887,0.158941
img_00902.jpg,0.021111,0.092288,0.000763,0.000601,0.005340,0.000571,0.868498,0.010829
img_00914.jpg,0.045050,0.016996,0.099344,0.000499,0.103352,0.010147,0.001868,0.722744
img_00921.jpg,0.567837,0.017244,0.005424,0.000663,0.009111,0.039773,0.021220,0.338727
img_00927.jpg,0.575738,0.020389,0.012059,0.002140,0.069132,0.026116,0.011605,0.282821
img_00943.jpg,0.905476,0.004544,0.000555,0.000180,0.037318,0.000853,0.000628,0.050447
img_00948.jpg,0.317240,0.004043,0.006779,0.006554,0.319018,0.020154,0.004232,0.321980
img_00950.jpg,0.279499,0.006033,0.013756,0.001344,0.666616,0.015426,0.001473,0.015853
img_00959.jpg,0.835929,0.001586,0.000100,0.000111,0.149953,0.005929,0.001396,0.004996
img_00962.jpg,0.013834,0.037065,0.013093,0.000162,0.003973,0.007361,0.000251,0.924261
img_00964.jpg,0.026078,0.103296,0.611758,0.000655,0.003388,0.010010,0.006582,0.238232
img_00966.jpg,0.686362,0.015811,0.001299,0.000243,0.211214,0.001884,0.005634,0.077553
img_00974.jpg,0.851463,0.075397,0.002520,0.021554,0.001190,0.030132,0.002130,0.015613
img_00979.jpg,0.031162,0.155802,0.071866,0.000594,0.000550,0.013199,0.006443,0.720385
img_00982.jpg,0.545313,0.421996,0.006575,0.000718,0.003686,0.011260,0.000598,0.009855
img_00985.jpg,0.289356,0.118280,0.001614,0.004829,0.051141,0.074151,0.020107,0.440521
img_00999.jpg,0.884690,0.007171,0.000721,0.000255,0.002428,0.007523,0.004925,0.092286
img_01022.jpg,0.880717,0.002337,0.000429,0.009302,0.033548,0.060408,0.000258,0.013002
img_01031.jpg,0.914911,0.006644,0.015793,0.000961,0.010010,0.049347,0.000247,0.002087
img_01035.jpg,0.731154,0.093932,0.000210,0.001926,0.059339,0.102196,0.001382,0.009863
img_01043.jpg,0.038305,0.026767,0.004658,0.000864,0.900961,0.006597,0.001549,0.020299
img_01058.jpg,0.814595,0.031092,0.001156,0.000142,0.005901,0.000712,0.000473,0.145930
img_01059.jpg,0.727249,0.054454,0.003223,0.009253,0.012413,0.054520,0.058264,0.080626
img_01090.jpg,0.055463,0.007846,0.000571,0.000045,0.927790,0.000488,0.000023,0.007775
img_01102.jpg,0.304439,0.234145,0.077745,0.006171,0.024396,0.010800,0.000235,0.342069
img_01103.jpg,0.249462,0.362193,0.002045,0.003235,0.018530,0.020215,0.004095,0.340224
img_01116.jpg,0.925133,0.012537,0.011765,0.004159,0.000860,0.013878,0.000527,0.031140
img_01134.jpg,0.651145,0.002072,0.003203,0.018699,0.051503,0.265633,0.000386,0.007360
img_01142.jpg,0.909087,0.000531,0.000871,0.000148,0.004221,0.003517,0.000074,0.081551
img_01168.jpg,0.142757,0.170258,0.001220,0.010687,0.026602,0.629306,0.003730,0.015440
img_01171.jpg,0.009872,0.019975,0.000408,0.000016,0.729376,0.000111,0.000071,0.240172
img_01177.jpg,0.706356,0.002333,0.005382,0.002219,0.212744,0.014800,0.000327,0.055839
img_01179.jpg,0.943435,0.004641,0.000252,0.017288,0.003218,0.029350,0.000343,0.001474
img_01188.jpg,0.278536,0.051422,0.001399,0.016313,0.016595,0.598288,0.005365,0.032082
img_01198.jpg,0.444770,0.029106,0.005030,0.001485,0.355547,0.009142,0.001664,0.153255
img_01204.jpg,0.000932,0.002140,0.000014,0.000016,0.993683,0.000118,0.000041,0.003056
img_01208.jpg,0.262447,0.001464,0.002957,0.000266,0.709062,0.016891,0.000554,0.006358
img_01211.jpg,0.970563,0.002333,0.001068,0.000021,0.007295,0.000461,0.000330,0.017929
img_01213.jpg,0.934843,0.025801,0.003068,0.001407,0.001012,0.012740,0.001423,0.019706
img_01222.jpg,0.564448,0.078250,0.006129,0.078647,0.007991,0.021053,0.019134,0.224348
img_01224.jpg,0.017763,0.100485,0.109198,0.000245,0.001349,0.007478,0.000905,0.762577
img_01237.jpg,0.289693,0.004408,0.000151,0.000109,0.685804,0.010442,0.006532,0.002861
img_01249.jpg,0.176909,0.005124,0.015229,0.012731,0.782423,0.003105,0.001944,0.002535
img_01253.jpg,0.004497,0.006394,0.001539,0.000049,0.029320,0.012153,0.000245,0.945803
img_01286.jpg,0.308211,0.010874,0.000517,0.001068,0.577207,0.021933,0.001685,0.078505
img_01289.jpg,0.398498,0.032091,0.001852,0.007014,0.042920,0.324730,0.105533,0.087362
img_01325.jpg,0.156238,0.194510,0.003585,0.001251,0.483467,0.003070,0.000372,0.157508
img_01328.jpg,0.921511,0.017656,0.010711,0.003258,0.002967,0.013124,0.002760,0.028013
img_01366.jpg,0.183685,0.000799,0.001457,0.019294,0.005470,0.786620,0.000629,0.002045
img_01371.jpg,0.637138,0.006972,0.005119,0.000063,0.051008,0.001460,0.000088,0.298151
img_01373.jpg,0.529062,0.005882,0.010856,0.002147,0.412829,0.028466,0.001576,0.009182
img_01377.jpg,0.420741,0.010618,0.005970,0.003486,0.524843,0.017607,0.001238,0.015498
img_01379.jpg,0.887385,0.002243,0.002124,0.001837,0.005383,0.079673,0.000768,0.020588
img_01384.jpg,0.795972,0.025015,0.085241,0.001158,0.013981,0.061484,0.002139,0.015009
img_01388.jpg,0.531570,0.109792,0.004532,0.001817,0.020877,0.315638,0.002023,0.013749
img_01392.jpg,0.019075,0.157635,0.332975,0.000824,0.015949,0.015171,0.003386,0.454985
img_01399.jpg,0.002247,0.348407,0.024859,0.000201,0.004074,0.016350,0.000568,0.603293
img_01404.jpg,0.654961,0.080190,0.007647,0.072728,0.022563,0.027320,0.002014,0.132577
img_01405.jpg,0.977285,0.002861,0.000117,0.000334,0.002849,0.011608,0.000431,0.004516
img_01413.jpg,0.942757,0.004367,0.000948,0.003489,0.035691,0.008504,0.000319,0.003924
img_01426.jpg,0.073880,0.749905,0.000421,0.000155,0.000845,0.038355,0.011609,0.124830
img_01431.jpg,0.252400,0.013668,0.002661,0.676921,0.024638,0.017568,0.004300,0.007845
img_01441.jpg,0.040383,0.008370,0.017060,0.000188,0.076468,0.024291,0.001521,0.831720
img_01444.jpg,0.469032,0.025483,0.000716,0.000561,0.007602,0.278883,0.040577,0.177147
img_01490.jpg,0.002345,0.027515,0.583376,0.000303,0.002022,0.002619,0.000805,0.381014
img_01495.jpg,0.822674,0.013495,0.004544,0.001369,0.000427,0.018654,0.000158,0.138680
img_01505.jpg,0.016275,0.030462,0.000039,0.000031,0.948826,0.000437,0.000065,0.003865
img_01511.jpg,0.908698,0.018720,0.008167,0.003843,0.013460,0.044163,0.001100,0.001848
img_01519.jpg,0.351501,0.183986,0.001700,0.007334,0.028675,0.243344,0.028768,0.154691
img_01530.jpg,0.556392,0.002781,0.002969,0.001419,0.359040,0.005187,0.000609,0.071603
img_01537.jpg,0.784774,0.003986,0.004731,0.000808,0.090709,0.094644,0.000634,0.019713
img_01538.jpg,0.742189,0.036380,0.002262,0.001239,0.004507,0.115759,0.004872,0.092791
img_01541.jpg,0.000349,0.000944,0.000067,0.000014,0.997254,0.000994,0.000092,0.000286
img_01543.jpg,0.833174,0.002762,0.002600,0.000032,0.141754,0.000552,0.000124,0.019002
img_01548.jpg,0.927439,0.001045,0.000220,0.000032,0.037952,0.001456,0.000061,0.031797
img_01552.jpg,0.997575,0.000116,0.000694,0.000013,0.000243,0.000010,0.000047,0.001303
img_01561.jpg,0.014346,0.000587,0.001455,0.000094,0.981653,0.000735,0.000049,0.001080
img_01562.jpg,0.347329,0.006225,0.009272,0.000906,0.006389,0.012881,0.011282,0.605715
img_01571.jpg,0.889691,0.014448,0.001430,0.000142,0.036994,0.000671,0.001435,0.055189
img_01593.jpg,0.398270,0.058840,0.003242,0.002384,0.009471,0.144961,0.053928,0.328904
img_01595.jpg,0.022154,0.005721,0.000133,0.000062,0.746631,0.000934,0.000413,0.223952
img_01616.jpg,0.691537,0.006155,0.010082,0.000064,0.213084,0.011576,0.021822,0.045680
img_01618.jpg,0.727606,0.142819,0.000282,0.004266,0.070696,0.030206,0.001982,0.022144
img_01627.jpg,0.691881,0.020815,0.002917,0.002332,0.003595,0.270239,0.001540,0.006681
img_01632.jpg,0.966042,0.000796,0.000218,0.000025,0.016994,0.000567,0.000059,0.015299
img_01633.jpg,0.543597,0.039676,0.000995,0.002991,0.016131,0.326890,0.023045,0.046676
img_01640.jpg,0.967757,0.014906,0.000308,0.000051,0.013449,0.001166,0.000087,0.002277
img_01646.jpg,0.805264,0.052706,0.001261,0.001960,0.003016,0.005836,0.006717,0.123242
img_01647.jpg,0.538703,0.006625,0.007007,0.000197,0.387695,0.002656,0.008950,0.048167
img_01649.jpg,0.639549,0.009911,0.004683,0.019794,0.225728,0.028360,0.021078,0.050898
img_01657.jpg,0.004552,0.002237,0.801678,0.000142,0.004250,0.003267,0.001894,0.181980
img_01669.jpg,0.140438,0.023781,0.002107,0.790198,0.013842,0.019308,0.004305,0.006021
img_01673.jpg,0.814456,0.000893,0.000048,0.000010,0.183548,0.000395,0.000302,0.000348
img_01681.jpg,0.063093,0.001834,0.000779,0.000019,0.033731,0.002112,0.000261,0.898172
img_01684.jpg,0.271103,0.062768,0.006508,0.016992,0.007272,0.069361,0.003902,0.562094
img_01685.jpg,0.673155,0.015401,0.094276,0.003594,0.136631,0.041020,0.001145,0.034777
img_01687.jpg,0.435156,0.004786,0.002512,0.001279,0.031305,0.008454,0.027012,0.489497
img_01688.jpg,0.439824,0.051493,0.001726,0.006213,0.075542,0.125877,0.049641,0.249684
img_01689.jpg,0.041653,0.052276,0.044085,0.000304,0.014931,0.092579,0.001652,0.752519
img_01716.jpg,0.000634,0.001306,0.000140,0.000023,0.997251,0.000371,0.000162,0.000113
img_01717.jpg,0.524675,0.002954,0.000126,0.000135,0.461103,0.001247,0.000345,0.009415
img_01724.jpg,0.499392,0.004145,0.008612,0.003397,0.199613,0.192330,0.002374,0.090138
img_01745.jpg,0.761498,0.025209,0.095606,0.015730,0.037927,0.049002,0.004568,0.010460
img_01771.jpg,0.973694,0.015643,0.001322,0.000347,0.000448,0.003837,0.000333,0.004376
img_01773.jpg,0.472834,0.003956,0.000929,0.000226,0.003486,0.004419,0.006985,0.507166
img_01781.jpg,0.199719,0.000509,0.004010,0.188265,0.564217,0.039928,0.000443,0.002909
img_01782.jpg,0.035657,0.011621,0.000060,0.000109,0.913928,0.001085,0.000307,0.037232
img_01802.jpg,0.809123,0.001191,0.000234,0.000045,0.187668,0.000450,0.000710,0.000579
img_01803.jpg,0.047203,0.183048,0.518895,0.001081,0.007946,0.015361,0.005613,0.220853
img_01824.jpg,0.506754,0.091999,0.001382,0.005349,0.032520,0.287144,0.038950,0.035902
img_01825.jpg,0.087351,0.820269,0.009619,0.001102,0.060985,0.003243,0.000694,0.016737
img_01831.jpg,0.656404,0.002045,0.002427,0.044235,0.040631,0.246604,0.000434,0.007220
img_01834.jpg,0.041613,0.211022,0.188945,0.000401,0.002193,0.024927,0.001854,0.529045
img_01847.jpg,0.242755,0.094980,0.005165,0.003039,0.009017,0.126505,0.016566,0.501973
img_01853.jpg,0.645305,0.010113,0.007044,0.002460,0.049110,0.009487,0.009571,0.266910
img_01856.jpg,0.917258,0.000854,0.000953,0.000528,0.054042,0.002295,0.002210,0.021860
img_01860.jpg,0.773790,0.008101,0.001594,0.001051,0.012589,0.050563,0.053904,0.098409
img_01862.jpg,0.375466,0.006145,0.012860,0.003792,0.277574,0.197516,0.002185,0.124463
img_01874.jpg,0.389189,0.021687,0.008894,0.003133,0.031530,0.183775,0.011972,0.349819
img_01888.jpg,0.329992,0.067614,0.001544,0.014094,0.035874,0.508855,0.005093,0.036933
img_01918.jpg,0.606775,0.039971,0.065099,0.115892,0.070368,0.020937,0.027054,0.053905
img_01930.jpg,0.833304,0.004572,0.007496,0.002268,0.034549,0.116437,0.000703,0.000671
img_01932.jpg,0.719824,0.013704,0.000700,0.005711,0.033418,0.159730,0.003662,0.063250
img_01955.jpg,0.024031,0.002169,0.002584,0.000166,0.049401,0.005368,0.000288,0.915993
img_01963.jpg,0.963254,0.000230,0.003081,0.000448,0.015399,0.002024,0.001543,0.014019
img_01966.jpg,0.951238,0.021761,0.002386,0.000401,0.000240,0.002321,0.003703,0.017951
img_01976.jpg,0.922322,0.008368,0.000725,0.000046,0.002092,0.000280,0.000151,0.066016
img_01983.jpg,0.625550,0.008821,0.020573,0.001783,0.293893,0.007034,0.001520,0.040826
img_01984.jpg,0.069412,0.046871,0.004853,0.005434,0.004667,0.015865,0.000938,0.851960
img_01995.jpg,0.096178,0.137361,0.000852,0.039098,0.067996,0.426566,0.008338,0.223611
img_01996.jpg,0.204596,0.041073,0.000663,0.002956,0.020453,0.708256,0.010835,0.011167
img_02001.jpg,0.347677,0.008026,0.000501,0.000656,0.004344,0.547481,0.006855,0.084461
img_02006.jpg,0.122212,0.085686,0.190313,0.016105,0.366981,0.182963,0.000886,0.034854
img_02066.jpg,0.891455,0.003722,0.008477,0.001790,0.080818,0.005888,0.000983,0.006867
img_02074.jpg,0.867884,0.020116,0.003286,0.029041,0.015556,0.056555,0.000360,0.007203
img_02076.jpg,0.597861,0.130704,0.001274,0.000648,0.212181,0.014701,0.000466,0.042165
img_02077.jpg,0.251193,0.011214,0.012517,0.222215,0.052889,0.436104,0.003512,0.010356
img_02078.jpg,0.239488,0.006058,0.016897,0.000629,0.681274,0.014217,0.000483,0.040953
img_02082.jpg,0.191078,0.000064,0.000110,0.000043,0.795753,0.000403,0.010261,0.002288
img_02083.jpg,0.003200,0.000247,0.000052,0.000107,0.992551,0.003181,0.000337,0.000324
img_02096.jpg,0.989896,0.000176,0.000431,0.000009,0.000533,0.000969,0.003448,0.004539
img_02119.jpg,0.727541,0.009938,0.164148,0.001200,0.003063,0.087958,0.000410,0.005741
img_02124.jpg,0.168935,0.023979,0.000724,0.004850,0.014688,0.752367,0.018220,0.016238
img_02135.jpg,0.020790,0.008601,0.000622,0.003418,0.959795,0.001079,0.002936,0.002759
img_02146.jpg,0.610495,0.002410,0.000723,0.000517,0.374516,0.000608,0.000780,0.009950
img_02159.jpg,0.084607,0.000686,0.023551,0.007313,0.872268,0.006348,0.000294,0.004934
img_02172.jpg,0.729875,0.012220,0.008560,0.001074,0.061971,0.151490,0.001869,0.032942
img_02180.jpg,0.753959,0.117432,0.000938,0.003681,0.014368,0.090730,0.004419,0.014474
img_02188.jpg,0.633426,0.015816,0.001947,0.002550,0.007432,0.020159,0.035633,0.283038
img_02194.jpg,0.950855,0.000595,0.000085,0.000065,0.044840,0.002017,0.000014,0.001530
img_02209.jpg,0.151120,0.016515,0.000902,0.000859,0.042247,0.752484,0.024293,0.011580
img_02216.jpg,0.072020,0.235141,0.011964,0.000481,0.370816,0.010238,0.001029,0.298311
img_02231.jpg,0.189941,0.014131,0.001246,0.012480,0.643117,0.127621,0.004039,0.007425
img_02235.jpg,0.131464,0.152774,0.000571,0.064274,0.066882,0.338392,0.005698,0.239945
img_02252.jpg,0.968710,0.000234,0.000531,0.000052,0.026227,0.000579,0.000411,0.003255
img_02268.jpg,0.985307,0.000884,0.005484,0.000936,0.003189,0.002873,0.000240,0.001087
img_02270.jpg,0.681663,0.034244,0.019831,0.002555,0.201479,0.005359,0.000770,0.054099
img_02281.jpg,0.532519,0.051611,0.001733,0.039681,0.285189,0.081194,0.005338,0.002735
img_02282.jpg,0.001132,0.000552,0.001649,0.000013,0.000103,0.005272,0.000090,0.991189
img_02285.jpg,0.779544,0.001198,0.000291,0.000098,0.205566,0.004039,0.008551,0.000713
img_02291.jpg,0.976408,0.000925,0.000906,0.000040,0.019302,0.000027,0.000018,0.002373
img_02299.jpg,0.524632,0.153936,0.003874,0.060008,0.003684,0.022797,0.034284,0.196784
img_02305.jpg,0.116330,0.116376,0.001971,0.053700,0.063205,0.362768,0.017694,0.267956
img_02307.jpg,0.439406,0.048487,0.000891,0.003953,0.023353,0.116271,0.010765,0.356874
img_02309.jpg,0.985501,0.005788,0.000066,0.000019,0.006807,0.000450,0.000048,0.001319
img_02318.jpg,0.055428,0.002849,0.001372,0.000713,0.023806,0.008215,0.001179,0.906440
img_02347.jpg,0.432523,0.042377,0.004317,0.002303,0.359322,0.010661,0.000420,0.148077
img_02356.jpg,0.592704,0.001087,0.001596,0.000346,0.025724,0.019760,0.000761,0.358021
img_02367.jpg,0.888050,0.005615,0.000909,0.002539,0.081240,0.009137,0.004196,0.008313
img_02372.jpg,0.010708,0.001841,0.001040,0.000362,0.965408,0.019073,0.000456,0.001113
img_02379.jpg,0.520768,0.001434,0.002088,0.000647,0.014606,0.002843,0.001140,0.456474
img_02384.jpg,0.270508,0.050415,0.001862,0.001280,0.011496,0.244668,0.049915,0.369858
img_02398.jpg,0.665337,0.007063,0.019246,0.033938,0.005165,0.222829,0.000954,0.045468
img_02400.jpg,0.789159,0.012091,0.028628,0.003098,0.061030,0.092322,0.000354,0.013318
img_02406.jpg,0.359271,0.008676,0.010289,0.291774,0.027727,0.298621,0.002123,0.001519
img_02412.jpg,0.813433,0.000317,0.000314,0.000095,0.029538,0.001528,0.000140,0.154637
img_02416.jpg,0.627612,0.284105,0.018409,0.000606,0.019041,0.007245,0.001613,0.041369
img_02422.jpg,0.229869,0.147594,0.001869,0.004325,0.009448,0.117349,0.136224,0.353321
img_02479.jpg,0.075418,0.001562,0.000590,0.000084,0.918518,0.000918,0.001848,0.001062
img_02486.jpg,0.805210,0.013810,0.021942,0.001303,0.004342,0.127163,0.000757,0.025473
img_02487.jpg,0.905395,0.004559,0.000391,0.000057,0.049664,0.000280,0.000631,0.039022
img_02507.jpg,0.653900,0.031711,0.147994,0.005162,0.043999,0.066756,0.013023,0.037455
img_02522.jpg,0.816761,0.079860,0.001520,0.023851,0.024141,0.032968,0.002641,0.018257
img_02540.jpg,0.709024,0.016388,0.062422,0.001968,0.007230,0.168677,0.001675,0.032616
img_02546.jpg,0.454168,0.033683,0.001105,0.000271,0.133733,0.003078,0.000120,0.373843
img_02556.jpg,0.373344,0.008308,0.001759,0.001388,0.010042,0.006331,0.012697,0.586130
img_02560.jpg,0.018910,0.002660,0.000232,0.000607,0.950272,0.000499,0.000381,0.026438
img_02563.jpg,0.000674,0.000608,0.000176,0.000090,0.996074,0.001665,0.000075,0.000639
img_02565.jpg,0.545191,0.039431,0.013006,0.002394,0.016038,0.152962,0.059957,0.171021
img_02573.jpg,0.730897,0.223077,0.008339,0.000582,0.007986,0.011713,0.001477,0.015929
img_02574.jpg,0.145334,0.003288,0.000405,0.000492,0.829761,0.010915,0.000550,0.009255
img_02602.jpg,0.780618,0.118235,0.000798,0.001041,0.032331,0.014983,0.000411,0.051584
img_02607.jpg,0.237373,0.003765,0.006427,0.003262,0.712029,0.012160,0.002073,0.022911
img_02622.jpg,0.911342,0.008567,0.000290,0.000426,0.014590,0.020304,0.012557,0.031925
img_02625.jpg,0.416993,0.060580,0.001576,0.003811,0.020954,0.472967,0.011560,0.011558
img_02636.jpg,0.752606,0.082714,0.006033,0.000525,0.076991,0.001420,0.002079,0.077632
img_02638.jpg,0.985281,0.002314,0.000427,0.000942,0.000817,0.006294,0.000193,0.003732
img_02641.jpg,0.971859,0.000599,0.000272,0.000066,0.004780,0.011448,0.000036,0.010941
img_02646.jpg,0.099622,0.003167,0.000837,0.001641,0.005426,0.018422,0.002053,0.868830
img_02648.jpg,0.074977,0.004834,0.115214,0.001129,0.023149,0.005950,0.000696,0.774051
img_02651.jpg,0.846637,0.001008,0.001869,0.000039,0.134552,0.000418,0.000130,0.015348
img_02656.jpg,0.664684,0.194685,0.003889,0.038535,0.002311,0.044524,0.005787,0.045584
img_02666.jpg,0.929972,0.001461,0.000451,0.000046,0.019997,0.001118,0.000095,0.046860
img_02679.jpg,0.542279,0.206398,0.003835,0.010026,0.153622,0.002634,0.000477,0.080729
img_02687.jpg,0.033146,0.000779,0.001433,0.000757,0.022880,0.003165,0.000547,0.937293
img_02699.jpg,0.702195,0.004289,0.000231,0.000088,0.249292,0.008465,0.008936,0.026503
img_02702.jpg,0.936811,0.000432,0.000699,0.000042,0.026718,0.000494,0.000100,0.034703
img_02703.jpg,0.234571,0.014496,0.006993,0.002960,0.137701,0.017152,0.003632,0.582495
img_02709.jpg,0.966650,0.007898,0.003752,0.006631,0.005441,0.006055,0.000211,0.003362
img_02726.jpg,0.645580,0.004091,0.030101,0.001570,0.297483,0.003297,0.001269,0.016609
img_02733.jpg,0.785797,0.034739,0.004235,0.043392,0.068449,0.058168,0.000647,0.004573
img_02734.jpg,0.553751,0.024868,0.005293,0.006118,0.116423,0.191178,0.003408,0.098961
img_02739.jpg,0.990406,0.002516,0.000079,0.000031,0.005691,0.000438,0.000049,0.000791
img_02749.jpg,0.763128,0.004540,0.004353,0.026064,0.041502,0.130758,0.000672,0.028983
img_02759.jpg,0.041403,0.016053,0.011458,0.000355,0.002657,0.014895,0.000847,0.912333
img_02764.jpg,0.926431,0.000458,0.000127,0.000206,0.068625,0.002255,0.000055,0.001843
img_02766.jpg,0.992906,0.000634,0.002370,0.000044,0.001438,0.000089,0.000136,0.002382
img_02769.jpg,0.093723,0.022348,0.040653,0.000834,0.002535,0.006359,0.002777,0.830772
img_02771.jpg,0.959892,0.023208,0.000872,0.001000,0.000100,0.003075,0.000178,0.011675
img_02789.jpg,0.170051,0.000178,0.000321,0.000058,0.816573,0.000686,0.010850,0.001283
img_02799.jpg,0.957848,0.008080,0.000172,0.000090,0.031604,0.000519,0.000156,0.001531
img_02808.jpg,0.902286,0.006349,0.002976,0.020560,0.008006,0.053233,0.000485,0.006104
img_02811.jpg,0.600722,0.000587,0.002951,0.021577,0.170232,0.194673,0.000462,0.008796
img_02830.jpg,0.183038,0.081214,0.002655,0.006639,0.007221,0.187423,0.282282,0.249528
img_02834.jpg,0.501613,0.022289,0.000705,0.001371,0.012456,0.049973,0.037377,0.374216
img_02837.jpg,0.536547,0.231196,0.001871,0.003772,0.050570,0.011962,0.006839,0.157243
img_02838.jpg,0.918968,0.025850,0.004023,0.002037,0.020275,0.020594,0.001067,0.007186
img_02842.jpg,0.168778,0.013161,0.000461,0.000777,0.015944,0.774841,0.009878,0.016162
img_02857.jpg,0.673316,0.080130,0.001298,0.000323,0.224493,0.003676,0.000066,0.016697
img_02865.jpg,0.011330,0.008739,0.000053,0.000054,0.971965,0.000483,0.000083,0.007293
img_02871.jpg,0.165126,0.147251,0.001774,0.006280,0.007414,0.078710,0.173794,0.419651
img_02876.jpg,0.014705,0.021320,0.027739,0.001363,0.145282,0.007607,0.000851,0.781133
img_02889.jpg,0.935253,0.002880,0.013157,0.023934,0.007771,0.008150,0.000656,0.008199
img_02890.jpg,0.578778,0.001487,0.001360,0.029216,0.002809,0.384156,0.000399,0.001795
img_02899.jpg,0.782231,0.004916,0.006793,0.152480,0.018188,0.025869,0.000220,0.009304
img_02904.jpg,0.989021,0.001200,0.002961,0.000387,0.000737,0.002209,0.000074,0.003410
img_02911.jpg,0.142448,0.234822,0.006467,0.049261,0.498143,0.047636,0.008681,0.012542
img_02916.jpg,0.924677,0.002042,0.013760,0.000621,0.006339,0.051186,0.000096,0.001279
img_02920.jpg,0.993719,0.002361,0.000071,0.000094,0.000019,0.003306,0.000095,0.000335
img_02943.jpg,0.971366,0.001630,0.000587,0.012826,0.000702,0.011109,0.000671,0.001109
img_02949.jpg,0.918448,0.001233,0.031995,0.009774,0.014997,0.007816,0.000340,0.015398
img_02954.jpg,0.222498,0.144302,0.009112,0.000463,0.086845,0.034144,0.003650,0.498986
img_02956.jpg,0.821859,0.010614,0.004538,0.000262,0.001581,0.005073,0.000951,0.155121
img_02964.jpg,0.002919,0.017405,0.058977,0.000064,0.000994,0.003516,0.000610,0.915515
img_02974.jpg,0.553863,0.015019,0.003481,0.000271,0.082960,0.002898,0.001034,0.340474
img_02977.jpg,0.381413,0.220040,0.000190,0.000269,0.329014,0.002292,0.000110,0.066672
img_02993.jpg,0.054042,0.016073,0.041883,0.000212,0.001877,0.013860,0.001630,0.870423
img_03014.jpg,0.000330,0.002007,0.000060,0.000007,0.993609,0.002357,0.000028,0.001602
img_03043.jpg,0.069772,0.024271,0.029849,0.000151,0.008208,0.018481,0.002697,0.846571
img_03055.jpg,0.828775,0.019504,0.003310,0.006489,0.003800,0.077057,0.002417,0.058648
img_03064.jpg,0.620841,0.019442,0.004682,0.001637,0.055192,0.076286,0.052836,0.169085
img_03069.jpg,0.666028,0.108501,0.002363,0.008787,0.012578,0.031063,0.020536,0.150145
img_03074.jpg,0.940261,0.027060,0.002237,0.002706,0.003312,0.001537,0.001953,0.020933
img_03078.jpg,0.736422,0.076631,0.001791,0.004369,0.001765,0.007362,0.003231,0.168431
img_03080.jpg,0.933926,0.000465,0.001404,0.000282,0.018663,0.000814,0.000517,0.043929
img_03082.jpg,0.343191,0.174720,0.001646,0.001319,0.001071,0.006326,0.000668,0.471057
img_03087.jpg,0.339241,0.010108,0.001115,0.000717,0.636311,0.002597,0.000724,0.009187
img_03116.jpg,0.002411,0.026322,0.000220,0.000012,0.797375,0.000232,0.000028,0.173400
img_03128.jpg,0.830226,0.005136,0.001706,0.000823,0.004943,0.040993,0.020168,0.096006
img_03135.jpg,0.346433,0.016118,0.003395,0.002048,0.027966,0.013058,0.017861,0.573121
img_03140.jpg,0.769274,0.037811,0.001114,0.002759,0.038078,0.070763,0.000731,0.079470
img_03166.jpg,0.860191,0.001763,0.000108,0.000033,0.134389,0.000802,0.000556,0.002158
img_03169.jpg,0.018305,0.172447,0.389293,0.000461,0.003291,0.005270,0.001345,0.409588
img_03181.jpg,0.574269,0.115899,0.002950,0.003269,0.062514,0.225951,0.003965,0.011183
img_03195.jpg,0.509004,0.134695,0.000962,0.002309,0.005845,0.096183,0.008976,0.242026
img_03199.jpg,0.935359,0.001580,0.001341,0.000536,0.008478,0.005062,0.006078,0.041566
img_03210.jpg,0.036231,0.098164,0.244866,0.000367,0.029470,0.021175,0.002327,0.567399
img_03220.jpg,0.848803,0.003503,0.000653,0.004988,0.128224,0.005289,0.000742,0.007798
img_03222.jpg,0.637039,0.238983,0.000550,0.005304,0.008171,0.093792,0.004499,0.011661
img_03223.jpg,0.653310,0.146378,0.001931,0.001837,0.041665,0.019816,0.005047,0.130017
img_03228.jpg,0.579666,0.050128,0.000909,0.025558,0.003663,0.013423,0.000256,0.326398
img_03229.jpg,0.138796,0.094066,0.009154,0.002349,0.001039,0.140695,0.320755,0.293146
img_03231.jpg,0.742300,0.032995,0.014488,0.003194,0.061831,0.016402,0.001029,0.127762
img_03238.jpg,0.584668,0.020660,0.001862,0.002376,0.016841,0.143007,0.063618,0.166968
img_03239.jpg,0.007719,0.034934,0.001420,0.000423,0.011078,0.000609,0.937322,0.006496
img_03252.jpg,0.974032,0.003293,0.000644,0.000041,0.018362,0.000069,0.000034,0.003525
img_03254.jpg,0.119374,0.017470,0.001384,0.002535,0.027489,0.782696,0.018901,0.030151
img_03260.jpg,0.925381,0.000719,0.002521,0.000726,0.004980,0.044432,0.001150,0.020091
img_03261.jpg,0.823764,0.112007,0.010928,0.002165,0.019238,0.020777,0.001958,0.009162
img_03270.jpg,0.530631,0.001771,0.002759,0.000533,0.045058,0.018798,0.001454,0.398997
img_03283.jpg,0.294430,0.093005,0.007919,0.013194,0.001464,0.071630,0.008704,0.509654
img_03290.jpg,0.582743,0.012855,0.002503,0.000659,0.008927,0.009686,0.004301,0.378326
img_03297.jpg,0.979149,0.005377,0.002961,0.000745,0.002147,0.002289,0.000157,0.007175
img_03310.jpg,0.647756,0.101480,0.001255,0.039331,0.017713,0.157569,0.006344,0.028553
img_03312.jpg,0.694855,0.175615,0.001733,0.003364,0.000831,0.042567,0.009284,0.071752
img_03324.jpg,0.022901,0.140142,0.093894,0.000493,0.001180,0.008435,0.001452,0.731503
img_03333.jpg,0.622469,0.056133,0.001459,0.002970,0.012910,0.214252,0.020501,0.069306
img_03342.jpg,0.491908,0.055874,0.000454,0.001691,0.013602,0.031514,0.015289,0.389667
img_03346.jpg,0.911666,0.027209,0.003523,0.002400,0.004973,0.031758,0.003053,0.015417
img_03355.jpg,0.242756,0.006324,0.004065,0.000556,0.011568,0.004652,0.012996,0.717083
img_03361.jpg,0.116007,0.782955,0.000818,0.000592,0.018670,0.002112,0.001220,0.077626
img_03370.jpg,0.706645,0.007782,0.000909,0.000639,0.001092,0.009825,0.030331,0.242779
img_03399.jpg,0.840178,0.076680,0.000243,0.002894,0.006178,0.067394,0.002077,0.004356
img_03410.jpg,0.625917,0.013884,0.000095,0.000027,0.352068,0.000433,0.000083,0.007492
img_03422.jpg,0.780348,0.010619,0.005798,0.044010,0.016566,0.134346,0.000937,0.007376
img_03426.jpg,0.894640,0.001757,0.001377,0.000915,0.078478,0.002853,0.000957,0.019024
img_03439.jpg,0.705112,0.003002,0.002705,0.040160,0.033313,0.201391,0.000675,0.013641
img_03440.jpg,0.011919,0.060960,0.094942,0.000184,0.001548,0.002895,0.001296,0.826256
img_03444.jpg,0.523869,0.360572,0.014251,0.002846,0.004118,0.042696,0.005805,0.045843
img_03445.jpg,0.741824,0.000973,0.000317,0.000063,0.232225,0.000285,0.000583,0.023731
img_03446.jpg,0.012207,0.063986,0.413288,0.000541,0.004801,0.006154,0.002965,0.496059
img_03452.jpg,0.067305,0.875401,0.000860,0.000082,0.004304,0.004598,0.001279,0.046171
img_03454.jpg,0.736347,0.000389,0.000526,0.000081,0.256562,0.001923,0.002084,0.002088
img_03456.jpg,0.000774,0.001328,0.000076,0.000007,0.995502,0.000632,0.000035,0.001646
img_03457.jpg,0.786792,0.005222,0.006982,0.001632,0.062731,0.071641,0.001111,0.063890
img_03471.jpg,0.755731,0.026750,0.019865,0.104881,0.029690,0.007458,0.040532,0.015094
img_03475.jpg,0.223176,0.002992,0.000340,0.000022,0.741054,0.000546,0.000037,0.031834
img_03488.jpg,0.875366,0.049152,0.000774,0.001517,0.000311,0.061350,0.000574,0.010957
img_03490.jpg,0.645491,0.260245,0.008289,0.000808,0.021363,0.014047,0.001072,0.048685
img_03502.jpg,0.628561,0.045813,0.001150,0.001622,0.018482,0.050024,0.020373,0.233975
img_03504.jpg,0.548615,0.130569,0.002728,0.001530,0.018072,0.290316,0.001505,0.006665
img_03520.jpg,0.713093,0.014645,0.009957,0.002708,0.240561,0.008066,0.001433,0.009537
img_03527.jpg,0.022511,0.080263,0.103920,0.000229,0.007637,0.029598,0.001481,0.754361
img_03547.jpg,0.954636,0.024610,0.000609,0.006765,0.000900,0.007804,0.002208,0.002467
img_03548.jpg,0.520588,0.012629,0.006579,0.002189,0.020800,0.165077,0.032177,0.239960
img_03554.jpg,0.970589,0.005016,0.000190,0.000080,0.021447,0.000609,0.000263,0.001805
img_03563.jpg,0.486228,0.145098,0.003650,0.003746,0.009277,0.034281,0.003103,0.314617
img_03581.jpg,0.782605,0.004132,0.002126,0.036714,0.068074,0.100549,0.000733,0.005068
img_03584.jpg,0.012550,0.004153,0.012297,0.000257,0.099436,0.001218,0.000812,0.869278
img_03587.jpg,0.262353,0.033352,0.000986,0.000852,0.007593,0.012905,0.033180,0.648779
img_03588.jpg,0.283437,0.040254,0.000738,0.004024,0.027048,0.605474,0.021389,0.017636
img_03602.jpg,0.135375,0.008323,0.000342,0.000584,0.006712,0.838108,0.007851,0.002704
img_03627.jpg,0.967700,0.001310,0.001392,0.000058,0.024904,0.000051,0.000033,0.004552
img_03628.jpg,0.995752,0.000141,0.000277,0.000078,0.000658,0.000164,0.000094,0.002836
img_03652.jpg,0.916548,0.001412,0.000352,0.000149,0.066487,0.005800,0.000092,0.009159
img_03670.jpg,0.825635,0.000803,0.001298,0.000143,0.158816,0.005108,0.005772,0.002426
img_03674.jpg,0.284300,0.013022,0.001464,0.006157,0.670989,0.003653,0.000927,0.019489
img_03677.jpg,0.762923,0.038142,0.007931,0.040320,0.005412,0.074166,0.001591,0.069514
img_03711.jpg,0.962814,0.003071,0.004010,0.000389,0.002411,0.011448,0.000450,0.015408
img_03715.jpg,0.503595,0.012447,0.002528,0.034174,0.294025,0.135639,0.003471,0.014122
img_03718.jpg,0.650348,0.001941,0.001651,0.012170,0.068656,0.260745,0.000296,0.004193
img_03726.jpg,0.058032,0.260546,0.001189,0.097402,0.055981,0.252162,0.034852,0.239835
img_03739.jpg,0.009702,0.024866,0.036204,0.000246,0.004164,0.119892,0.002396,0.802530
img_03749.jpg,0.400118,0.044710,0.001801,0.011317,0.026862,0.069203,0.026567,0.419421
img_03750.jpg,0.406097,0.018514,0.002768,0.002173,0.012558,0.157546,0.070118,0.330227
img_03760.jpg,0.396156,0.055586,0.001494,0.006730,0.039423,0.210247,0.052500,0.237863
img_03764.jpg,0.993659,0.001909,0.000941,0.000178,0.000133,0.001337,0.000097,0.001745
img_03776.jpg,0.547894,0.000640,0.001766,0.000093,0.411309,0.000210,0.000163,0.037925
img_03801.jpg,0.876150,0.000389,0.000794,0.000133,0.047013,0.003338,0.000982,0.071202
img_03805.jpg,0.800850,0.073088,0.003298,0.026603,0.006133,0.036217,0.002619,0.051193
img_03809.jpg,0.312263,0.491651,0.007253,0.001048,0.100683,0.005193,0.009643,0.072265
img_03825.jpg,0.973567,0.016392,0.000289,0.001642,0.001334,0.002669,0.001022,0.003084
