image,ALB,BET,DOL,LAG,NoF,OTHER,SHARK,YFT
img_00005.jpg,0.023665,0.000269,0.001255,0.000023,0.972277,0.001854,0.000214,0.000444
img_00007.jpg,0.239284,0.205055,0.001675,0.012873,0.028789,0.086802,0.002480,0.423042
img_00009.jpg,0.565798,0.065223,0.008846,0.001567,0.041646,0.266296,0.002296,0.048327
img_00018.jpg,0.901052,0.007645,0.007727,0.004859,0.001346,0.036884,0.000785,0.039703
img_00027.jpg,0.782006,0.011691,0.000187,0.000260,0.004573,0.061564,0.027993,0.111724
img_00030.jpg,0.114240,0.004848,0.000308,0.000096,0.846945,0.000311,0.004568,0.028683
img_00040.jpg,0.537040,0.047199,0.002322,0.001421,0.006410,0.106916,0.126876,0.171815
img_00046.jpg,0.853168,0.000699,0.000462,0.000029,0.137615,0.001226,0.003906,0.002895
img_00053.jpg,0.964408,0.002061,0.004902,0.001210,0.009062,0.008474,0.000209,0.009673
img_00071.jpg,0.082872,0.005056,0.000559,0.745321,0.017996,0.142342,0.004642,0.001212
img_00075.jpg,0.319660,0.105133,0.001527,0.002580,0.032244,0.516209,0.000757,0.021890
img_00102.jpg,0.180540,0.060533,0.001962,0.001860,0.002515,0.149811,0.027194,0.575585
img_00103.jpg,0.798691,0.004629,0.003647,0.026788,0.008472,0.102573,0.000732,0.054468
img_00109.jpg,0.649001,0.001459,0.000496,0.000014,0.337159,0.000818,0.001520,0.009532
img_00119.jpg,0.030860,0.018273,0.000398,0.000094,0.499992,0.001316,0.000042,0.449025
img_00120.jpg,0.164232,0.013411,0.004141,0.000440,0.008742,0.011869,0.144104,0.653060
img_00125.jpg,0.426812,0.047167,0.004414,0.004428,0.007412,0.069026,0.009482,0.431260
img_00128.jpg,0.010125,0.063739,0.081001,0.000267,0.002946,0.006474,0.000365,0.835082
img_00129.jpg,0.514205,0.082724,0.003483,0.004325,0.006353,0.089702,0.108507,0.190702
img_00133.jpg,0.303160,0.019757,0.000148,0.007736,0.395457,0.229741,0.001114,0.042886
img_00138.jpg,0.824600,0.017391,0.003561,0.002219,0.046829,0.014814,0.001075,0.089511
img_00141.jpg,0.010515,0.019333,0.089768,0.000202,0.001393,0.013403,0.001077,0.864311
img_00152.jpg,0.170595,0.004008,0.000687,0.001295,0.001771,0.022619,0.000215,0.798810
img_00161.jpg,0.004133,0.008107,0.000548,0.000007,0.006018,0.162504,0.000210,0.818473
img_00164.jpg,0.003152,0.002794,0.000700,0.000184,0.761634,0.064697,0.002191,0.164648
img_00170.jpg,0.685266,0.009215,0.003434,0.044642,0.086991,0.148319,0.000921,0.021213
img_00171.jpg,0.362708,0.004413,0.004295,0.039254,0.030477,0.524516,0.000788,0.033548
img_00172.jpg,0.073890,0.000514,0.001618,0.000073,0.917838,0.001653,0.000456,0.003959
img_00175.jpg,0.344337,0.005426,0.000616,0.040381,0.023481,0.576120,0.001181,0.008457
img_00180.jpg,0.322900,0.000915,0.001818,0.000171,0.006504,0.020231,0.008181,0.639280
img_00196.jpg,0.012104,0.022176,0.000204,0.000051,0.893491,0.001386,0.000065,0.070522
img_00212.jpg,0.147448,0.000740,0.000375,0.000112,0.015243,0.003390,0.001972,0.830720
img_00223.jpg,0.723149,0.014493,0.093490,0.001975,0.007505,0.087672,0.000567,0.071149
img_00230.jpg,0.774312,0.052578,0.003997,0.001997,0.000484,0.019241,0.001245,0.146148
img_00232.jpg,0.019268,0.147176,0.000876,0.000614,0.019590,0.001690,0.799329,0.011458
img_00244.jpg,0.641994,0.136927,0.000181,0.002650,0.008007,0.086525,0.006621,0.117096
img_00272.jpg,0.559254,0.237601,0.093433,0.001734,0.010381,0.016658,0.000747,0.080192
img_00280.jpg,0.574529,0.006787,0.005414,0.000581,0.355039,0.018788,0.000095,0.038767
img_00282.jpg,0.240125,0.004382,0.001502,0.019798,0.023167,0.697575,0.000306,0.013145
img_00285.jpg,0.544078,0.047597,0.006227,0.001882,0.044710,0.017678,0.080321,0.257508
img_00289.jpg,0.742585,0.003953,0.000820,0.000050,0.207547,0.009238,0.000034,0.035772
img_00292.jpg,0.517373,0.087141,0.000553,0.002045,0.006034,0.039564,0.008080,0.339210
img_00302.jpg,0.524457,0.064510,0.002082,0.001201,0.007348,0.061439,0.131112,0.207850
img_00311.jpg,0.932539,0.017566,0.000320,0.000009,0.044384,0.000866,0.000071,0.004246
img_00320.jpg,0.954273,0.026809,0.003045,0.000009,0.004785,0.000554,0.000520,0.010005
img_00331.jpg,0.345560,0.029291,0.001149,0.000675,0.012643,0.240440,0.046414,0.323826
img_00358.jpg,0.268564,0.020804,0.000415,0.001411,0.004884,0.398915,0.039013,0.265993
img_00374.jpg,0.822733,0.009227,0.002372,0.001847,0.001140,0.042155,0.000138,0.120389
img_00375.jpg,0.192207,0.047204,0.094231,0.003512,0.424459,0.194243,0.000582,0.043562
img_00376.jpg,0.582051,0.002679,0.001652,0.000174,0.010296,0.027115,0.039420,0.336614
img_00380.jpg,0.850959,0.004776,0.001716,0.000623,0.033797,0.101758,0.000992,0.005379
img_00383.jpg,0.941549,0.020517,0.000267,0.000070,0.009276,0.001031,0.000831,0.026459
img_00398.jpg,0.519947,0.002798,0.000169,0.000015,0.434251,0.007009,0.004196,0.031613
img_00407.jpg,0.890021,0.008565,0.003263,0.017456,0.010351,0.044436,0.000160,0.025748
img_00417.jpg,0.477270,0.000303,0.000541,0.000081,0.026985,0.004562,0.000864,0.489395
img_00432.jpg,0.440994,0.040585,0.085710,0.009246,0.112572,0.288441,0.004270,0.018181
img_00442.jpg,0.009336,0.011315,0.019204,0.000097,0.001931,0.044884,0.001516,0.911716
img_00446.jpg,0.888170,0.008373,0.000106,0.001773,0.058161,0.034061,0.000538,0.008816
img_00469.jpg,0.747400,0.049512,0.001468,0.004249,0.078133,0.064258,0.005206,0.049772
img_00473.jpg,0.948897,0.000282,0.001621,0.000091,0.012949,0.001345,0.003271,0.031545
img_00483.jpg,0.835523,0.003554,0.000152,0.000010,0.040916,0.000205,0.000712,0.118927
img_00484.jpg,0.609447,0.046773,0.000766,0.003933,0.086433,0.074427,0.003810,0.174412
img_00486.jpg,0.838873,0.012390,0.034611,0.006520,0.045506,0.036208,0.000747,0.025144
img_00487.jpg,0.011816,0.001761,0.000252,0.000325,0.971083,0.001019,0.006364,0.007379
img_00493.jpg,0.210592,0.030791,0.002213,0.007077,0.610765,0.076864,0.001690,0.060009
img_00518.jpg,0.873115,0.000153,0.000692,0.000101,0.104091,0.005433,0.011445,0.004971
img_00533.jpg,0.325954,0.049113,0.000608,0.001090,0.011700,0.074889,0.033945,0.502701
img_00538.jpg,0.602453,0.015490,0.005870,0.027645,0.103790,0.063671,0.001329,0.179753
img_00543.jpg,0.962742,0.012883,0.000225,0.000029,0.018214,0.000550,0.000109,0.005248
img_00550.jpg,0.447496,0.024633,0.176934,0.005550,0.046592,0.274602,0.001358,0.022835
img_00551.jpg,0.680879,0.002936,0.003422,0.035438,0.072500,0.188226,0.000331,0.016268
img_00564.jpg,0.021527,0.004941,0.001773,0.000706,0.862815,0.101753,0.000377,0.006107
img_00575.jpg,0.386799,0.036476,0.000743,0.000767,0.011788,0.077996,0.032493,0.452937
img_00582.jpg,0.391682,0.018786,0.001523,0.000257,0.033843,0.477825,0.001059,0.075024
img_00584.jpg,0.938740,0.001263,0.000064,0.000007,0.055073,0.000157,0.000117,0.004579
img_00587.jpg,0.517861,0.018717,0.000495,0.000455,0.008247,0.076185,0.039330,0.338710
img_00590.jpg,0.686780,0.015394,0.003278,0.000402,0.005679,0.046999,0.057586,0.183883
img_00591.jpg,0.482251,0.020747,0.003333,0.000086,0.005198,0.009459,0.001695,0.477231
img_00598.jpg,0.917803,0.002689,0.001182,0.001090,0.000367,0.019891,0.000190,0.056788
img_00599.jpg,0.477759,0.022417,0.000859,0.000311,0.003777,0.044386,0.181977,0.268515
img_00612.jpg,0.593650,0.035118,0.000631,0.002162,0.014112,0.271020,0.030009,0.053299
img_00618.jpg,0.574712,0.001500,0.000122,0.000026,0.408024,0.010417,0.000107,0.005093
img_00620.jpg,0.979161,0.001563,0.000832,0.000984,0.008346,0.002659,0.000131,0.006324
img_00642.jpg,0.127960,0.015316,0.008762,0.778856,0.002002,0.042913,0.006622,0.017567
img_00646.jpg,0.091456,0.045225,0.033029,0.000109,0.001318,0.022190,0.000796,0.805877
img_00648.jpg,0.923416,0.035600,0.000163,0.000009,0.017730,0.001261,0.000143,0.021678
img_00650.jpg,0.576574,0.039758,0.010464,0.003595,0.065321,0.146061,0.080699,0.077527
img_00654.jpg,0.750991,0.011194,0.026763,0.005871,0.069334,0.017125,0.004649,0.114073
img_00664.jpg,0.962053,0.003305,0.002223,0.000067,0.011896,0.000230,0.001275,0.018952
img_00667.jpg,0.081990,0.007370,0.000119,0.000051,0.800710,0.002400,0.000131,0.107230
img_00676.jpg,0.036725,0.052979,0.000809,0.000122,0.625373,0.005720,0.000076,0.278195
img_00697.jpg,0.013060,0.015641,0.111174,0.000253,0.002085,0.013739,0.000715,0.843335
img_00708.jpg,0.307702,0.053142,0.001513,0.001965,0.020870,0.118422,0.219063,0.277322
img_00716.jpg,0.087514,0.098214,0.000795,0.003531,0.004095,0.049428,0.276384,0.480040
img_00717.jpg,0.790995,0.073004,0.003465,0.012664,0.007924,0.079360,0.001370,0.031219
img_00718.jpg,0.648655,0.004372,0.002719,0.096771,0.097720,0.119980,0.002293,0.027490
img_00723.jpg,0.336669,0.033000,0.000083,0.000035,0.585463,0.001975,0.001241,0.041534
img_00724.jpg,0.403801,0.002042,0.003094,0.002028,0.083337,0.020659,0.235150,0.249888
img_00726.jpg,0.832758,0.000749,0.000698,0.000076,0.015590,0.005434,0.117846,0.026848
img_00729.jpg,0.784961,0.000602,0.001990,0.000089,0.179475,0.004995,0.006972,0.020916
img_00730.jpg,0.358741,0.007400,0.003204,0.000237,0.041325,0.012156,0.067129,0.509809
img_00757.jpg,0.962492,0.003536,0.002175,0.008910,0.008112,0.008313,0.000287,0.006175
img_00760.jpg,0.268743,0.033362,0.023639,0.503835,0.028453,0.100118,0.004515,0.037335
img_00763.jpg,0.006351,0.003536,0.000075,0.000001,0.919793,0.000027,0.000008,0.070209
img_00764.jpg,0.166701,0.020564,0.013478,0.000025,0.081414,0.031077,0.000426,0.686315
img_00765.jpg,0.122410,0.070054,0.000301,0.021207,0.014936,0.742013,0.001958,0.027121
img_00772.jpg,0.071432,0.028487,0.123365,0.000091,0.004144,0.005571,0.000216,0.766696
img_00773.jpg,0.652840,0.030228,0.107379,0.006476,0.040522,0.158142,0.000876,0.003537
img_00777.jpg,0.756699,0.151703,0.000710,0.003963,0.022047,0.038121,0.002414,0.024344
img_00780.jpg,0.079303,0.082280,0.026066,0.000437,0.001916,0.146405,0.000871,0.662723
img_00798.jpg,0.690892,0.063763,0.002906,0.008494,0.008895,0.077277,0.008216,0.139558
img_00808.jpg,0.970148,0.002896,0.000626,0.000351,0.000248,0.008542,0.000052,0.017138
img_00816.jpg,0.941343,0.001085,0.000235,0.000053,0.020580,0.000273,0.000205,0.036225
img_00828.jpg,0.004211,0.003422,0.000454,0.000021,0.984651,0.004257,0.000227,0.002757
img_00833.jpg,0.234848,0.036101,0.000555,0.001262,0.004370,0.250052,0.116214,0.356598
img_00837.jpg,0.586696,0.029129,0.015796,0.001366,0.001297,0.180154,0.000591,0.184971
img_00855.jpg,0.499721,0.115435,0.003957,0.004048,0.102118,0.069720,0.006321,0.198681
img_00857.jpg,0.965128,0.012208,0.002053,0.000011,0.010626,0.000822,0.000180,0.008973
img_00858.jpg,0.819443,0.005055,0.000194,0.000230,0.112724,0.034787,0.000056,0.027511
img_00865.jpg,0.583755,0.107876,0.006025,0.005483,0.000558,0.151021,0.001459,0.143822
img_00876.jpg,0.043947,0.033863,0.000364,0.000262,0.525245,0.004567,0.000191,0.391559
img_00889.jpg,0.088442,0.147450,0.064644,0.000345,0.011098,0.112515,0.000209,0.575297
img_00894.jpg,0.758030,0.009390,0.006822,0.000207,0.115078,0.013535,0.000099,0.096837
img_00902.jpg,0.021435,0.081688,0.000579,0.000965,0.029894,0.001575,0.861133,0.002732
img_00914.jpg,0.143508,0.017189,0.069748,0.000075,0.224600,0.077997,0.001855,0.465028
img_00921.jpg,0.740369,0.008761,0.000918,0.000227,0.004246,0.021324,0.010370,0.213787
img_00927.jpg,0.870149,0.024962,0.007379,0.000243,0.030610,0.011181,0.017738,0.037738
img_00943.jpg,0.777233,0.007901,0.001552,0.000013,0.022380,0.001381,0.004179,0.185359
img_00948.jpg,0.435357,0.010079,0.014675,0.001860,0.416947,0.014304,0.000071,0.106707
img_00950.jpg,0.546504,0.004849,0.006567,0.000478,0.421952,0.008149,0.000158,0.011343
img_00959.jpg,0.879416,0.007749,0.000180,0.000235,0.091064,0.006920,0.001844,0.012591
img_00962.jpg,0.017067,0.025014,0.045165,0.000216,0.003160,0.006858,0.001041,0.901479
img_00964.jpg,0.053780,0.098474,0.638852,0.000202,0.003315,0.005634,0.001249,0.198494
img_00966.jpg,0.500886,0.026381,0.002113,0.000120,0.172257,0.000551,0.005013,0.292679
img_00974.jpg,0.758462,0.030609,0.003983,0.119771,0.005226,0.043736,0.000838,0.037376
img_00979.jpg,0.045371,0.086534,0.048108,0.001136,0.000360,0.028526,0.006919,0.783046
img_00982.jpg,0.262289,0.658450,0.046471,0.000249,0.004614,0.007517,0.000357,0.020053
img_00985.jpg,0.534387,0.084951,0.000948,0.000858,0.008046,0.039031,0.006834,0.324946
img_00999.jpg,0.898775,0.002066,0.000401,0.000067,0.001256,0.008642,0.007822,0.080970
img_01022.jpg,0.759432,0.009106,0.000315,0.055371,0.095475,0.031664,0.000976,0.047660
img_01031.jpg,0.779928,0.005229,0.011810,0.000535,0.165635,0.029868,0.000198,0.006797
img_01035.jpg,0.778598,0.108052,0.000226,0.001598,0.063718,0.034836,0.001217,0.011755
img_01043.jpg,0.232483,0.046299,0.003137,0.002116,0.598715,0.014967,0.003866,0.098417
img_01058.jpg,0.631045,0.030890,0.001245,0.000048,0.032949,0.000937,0.000182,0.302703
img_01059.jpg,0.646175,0.056390,0.001537,0.007642,0.026427,0.079672,0.070433,0.111724
img_01090.jpg,0.110699,0.092908,0.000706,0.000165,0.702329,0.003999,0.000050,0.089144
img_01102.jpg,0.378056,0.234374,0.044040,0.001601,0.040264,0.004074,0.000293,0.297298
img_01103.jpg,0.257846,0.315847,0.007717,0.003032,0.002421,0.003901,0.003575,0.405661
img_01116.jpg,0.936355,0.010483,0.004826,0.003186,0.005166,0.009317,0.000430,0.030236
img_01134.jpg,0.771220,0.004085,0.003806,0.019441,0.064281,0.113847,0.000268,0.023052
img_01142.jpg,0.890774,0.003393,0.000665,0.000366,0.011088,0.012411,0.000453,0.080849
img_01168.jpg,0.143458,0.222651,0.000445,0.013107,0.024359,0.583335,0.002556,0.010088
img_01171.jpg,0.037056,0.010839,0.000079,0.000001,0.862583,0.000003,0.000007,0.089433
img_01177.jpg,0.828386,0.006312,0.000943,0.000688,0.072874,0.030317,0.000319,0.060161
img_01179.jpg,0.893425,0.004966,0.001428,0.046110,0.015054,0.030099,0.000439,0.008479
img_01188.jpg,0.212119,0.083040,0.000794,0.027987,0.035990,0.575013,0.005120,0.059937
img_01198.jpg,0.362968,0.041797,0.015992,0.000454,0.323797,0.009413,0.000271,0.245308
img_01204.jpg,0.025891,0.006117,0.000057,0.000014,0.862970,0.001711,0.000153,0.103087
img_01208.jpg,0.582175,0.001184,0.001191,0.000041,0.409143,0.003890,0.000036,0.002342
img_01211.jpg,0.856771,0.016836,0.002528,0.000082,0.037648,0.001257,0.000500,0.084379
img_01213.jpg,0.885828,0.035991,0.003780,0.002511,0.002550,0.027611,0.000338,0.041392
img_01222.jpg,0.591353,0.071689,0.000671,0.019352,0.013866,0.022023,0.015284,0.265761
img_01224.jpg,0.033549,0.043303,0.115630,0.000276,0.000445,0.011049,0.002431,0.793318
img_01237.jpg,0.439352,0.010198,0.000258,0.000017,0.511089,0.007519,0.004128,0.027438
img_01249.jpg,0.346766,0.004099,0.090098,0.050851,0.483469,0.004721,0.000792,0.019204
img_01253.jpg,0.004538,0.004678,0.000447,0.000011,0.004254,0.094698,0.000287,0.891088
img_01286.jpg,0.365472,0.028873,0.000327,0.000903,0.503237,0.039752,0.001259,0.060178
img_01289.jpg,0.416163,0.048836,0.001250,0.009612,0.026905,0.129008,0.143230,0.224996
img_01325.jpg,0.279282,0.173904,0.003415,0.000527,0.487770,0.003529,0.000061,0.051511
img_01328.jpg,0.869697,0.017763,0.009358,0.008050,0.003647,0.049240,0.001501,0.040744
img_01366.jpg,0.227197,0.004757,0.002188,0.035786,0.011335,0.706379,0.001597,0.010761
img_01371.jpg,0.785359,0.004091,0.003960,0.000120,0.104903,0.002747,0.000026,0.098795
img_01373.jpg,0.624885,0.020030,0.031404,0.001844,0.199421,0.060276,0.001031,0.061108
img_01377.jpg,0.570549,0.011497,0.004449,0.005372,0.367552,0.007260,0.000907,0.032415
img_01379.jpg,0.782643,0.022390,0.010647,0.002518,0.022369,0.119173,0.000741,0.039518
img_01384.jpg,0.465268,0.015553,0.170562,0.004948,0.040968,0.272215,0.001459,0.029027
img_01388.jpg,0.331836,0.148005,0.003968,0.000441,0.026921,0.429674,0.000831,0.058324
img_01392.jpg,0.046197,0.180609,0.301094,0.000509,0.012281,0.018395,0.001967,0.438948
img_01399.jpg,0.008113,0.242330,0.048284,0.000271,0.004902,0.025223,0.005570,0.665308
img_01404.jpg,0.760893,0.058784,0.003379,0.060186,0.035323,0.009130,0.000146,0.072158
img_01405.jpg,0.953560,0.004103,0.000183,0.000225,0.017259,0.018970,0.000332,0.005367
img_01413.jpg,0.752900,0.022993,0.000836,0.010753,0.127963,0.047490,0.000927,0.036139
img_01426.jpg,0.131657,0.749370,0.002510,0.000016,0.001898,0.006782,0.004135,0.103632
img_01431.jpg,0.221448,0.043093,0.012032,0.624085,0.006500,0.038726,0.002870,0.051246
img_01441.jpg,0.036494,0.020892,0.028829,0.000058,0.112663,0.462369,0.000826,0.337869
img_01444.jpg,0.333068,0.038186,0.000799,0.000519,0.011678,0.388643,0.040424,0.186683
img_01490.jpg,0.011669,0.019117,0.462489,0.000510,0.001167,0.003228,0.000645,0.501176
img_01495.jpg,0.623835,0.014275,0.004571,0.000350,0.000286,0.064870,0.000208,0.291605
img_01505.jpg,0.016948,0.012602,0.000066,0.000015,0.886146,0.001738,0.000060,0.082424
img_01511.jpg,0.942149,0.007262,0.002781,0.001852,0.016022,0.025289,0.000345,0.004299
img_01519.jpg,0.545844,0.139357,0.000960,0.003214,0.011941,0.142697,0.018745,0.137241
img_01530.jpg,0.557083,0.013854,0.006789,0.000386,0.344135,0.024441,0.000129,0.053183
img_01537.jpg,0.676527,0.010074,0.003309,0.000404,0.059313,0.223761,0.000420,0.026193
img_01538.jpg,0.676423,0.031186,0.001963,0.000553,0.004675,0.240362,0.001898,0.042940
img_01541.jpg,0.006267,0.000857,0.000103,0.000008,0.990935,0.000593,0.000117,0.001120
img_01543.jpg,0.876202,0.000329,0.002839,0.000004,0.070968,0.000909,0.000225,0.048523
img_01548.jpg,0.915733,0.002560,0.000343,0.000029,0.032883,0.000363,0.000226,0.047864
img_01552.jpg,0.955336,0.012419,0.010296,0.000047,0.003274,0.000785,0.000326,0.017517
img_01561.jpg,0.020026,0.001992,0.000839,0.000053,0.969076,0.001151,0.000027,0.006835
img_01562.jpg,0.221333,0.009107,0.002648,0.000249,0.002412,0.013498,0.035015,0.715738
img_01571.jpg,0.625965,0.006333,0.002706,0.000020,0.010968,0.001163,0.003261,0.349583
img_01593.jpg,0.436142,0.046484,0.003272,0.001729,0.009590,0.128710,0.034019,0.340053
img_01595.jpg,0.043732,0.001507,0.000129,0.000095,0.750232,0.000868,0.000711,0.202727
img_01616.jpg,0.519087,0.014048,0.025501,0.000110,0.160002,0.037113,0.045121,0.199019
img_01618.jpg,0.604669,0.219052,0.000147,0.000776,0.016390,0.121093,0.000680,0.037194
img_01627.jpg,0.861837,0.029766,0.002351,0.003815,0.002184,0.093172,0.001325,0.005550
img_01632.jpg,0.950526,0.003315,0.000159,0.000007,0.033097,0.000277,0.000040,0.012579
img_01633.jpg,0.512250,0.028182,0.000412,0.001170,0.006654,0.404097,0.014953,0.032281
img_01640.jpg,0.955371,0.020267,0.000242,0.000015,0.017588,0.001040,0.000373,0.005104
img_01646.jpg,0.871106,0.056293,0.001763,0.004484,0.005956,0.019194,0.002006,0.039198
img_01647.jpg,0.550453,0.003188,0.001839,0.000082,0.431423,0.000364,0.000526,0.012126
img_01649.jpg,0.553695,0.003636,0.000601,0.025432,0.322787,0.010299,0.035785,0.047766
img_01657.jpg,0.011398,0.019677,0.498912,0.000165,0.003140,0.004825,0.000285,0.461598
img_01669.jpg,0.217423,0.025137,0.009041,0.661998,0.024659,0.032427,0.005977,0.023337
img_01673.jpg,0.599318,0.003582,0.000085,0.000091,0.377711,0.002784,0.001253,0.015177
img_01681.jpg,0.319597,0.003886,0.001762,0.000008,0.122373,0.000396,0.000420,0.551558
img_01684.jpg,0.227575,0.027863,0.005220,0.007270,0.004675,0.132486,0.002077,0.592833
img_01685.jpg,0.486654,0.013577,0.105793,0.008544,0.126522,0.194880,0.001112,0.062918
img_01687.jpg,0.564635,0.028836,0.005663,0.001077,0.015191,0.009322,0.038048,0.337227
img_01688.jpg,0.257651,0.067316,0.003138,0.005819,0.065077,0.113889,0.129052,0.358058
img_01689.jpg,0.050762,0.126697,0.008647,0.000385,0.008593,0.242526,0.001704,0.560687
img_01716.jpg,0.009457,0.001889,0.000375,0.000042,0.986406,0.000790,0.000221,0.000820
img_01717.jpg,0.193454,0.031673,0.000105,0.000056,0.746527,0.002052,0.001916,0.024216
img_01724.jpg,0.631848,0.019931,0.005465,0.001010,0.107322,0.168101,0.001006,0.065318
img_01745.jpg,0.652997,0.055326,0.119285,0.006213,0.050614,0.022068,0.009078,0.084419
img_01771.jpg,0.827189,0.038070,0.004995,0.000530,0.001708,0.050853,0.001532,0.075122
img_01773.jpg,0.329939,0.016476,0.001977,0.000163,0.001156,0.018031,0.164636,0.467622
img_01781.jpg,0.308319,0.001773,0.002580,0.328974,0.077350,0.268560,0.000213,0.012231
img_01782.jpg,0.211975,0.011435,0.000224,0.000061,0.662446,0.000996,0.003767,0.109096
img_01802.jpg,0.755737,0.007711,0.000963,0.000097,0.214451,0.007460,0.002962,0.010618
img_01803.jpg,0.066255,0.097900,0.670400,0.000131,0.002687,0.007906,0.001142,0.153579
img_01824.jpg,0.699103,0.039468,0.000705,0.002488,0.012557,0.176320,0.019487,0.049872
img_01825.jpg,0.126070,0.649025,0.027642,0.000826,0.137808,0.000896,0.000337,0.057395
img_01831.jpg,0.582200,0.003093,0.003245,0.069768,0.046277,0.265868,0.000464,0.029085
img_01834.jpg,0.101624,0.111483,0.112889,0.000330,0.003063,0.064920,0.001902,0.603788
img_01847.jpg,0.343171,0.059146,0.001289,0.000963,0.002936,0.135030,0.009316,0.448147
img_01853.jpg,0.749231,0.021752,0.005150,0.000874,0.050314,0.043396,0.020968,0.108316
img_01856.jpg,0.938076,0.001670,0.000374,0.000176,0.013202,0.001670,0.000718,0.044114
img_01860.jpg,0.722289,0.009230,0.001289,0.001333,0.017590,0.043966,0.057018,0.147284
img_01862.jpg,0.730053,0.017394,0.003174,0.001335,0.052702,0.087426,0.000452,0.107464
img_01874.jpg,0.473565,0.040594,0.001204,0.000455,0.019363,0.169869,0.009202,0.285747
img_01888.jpg,0.217043,0.180710,0.001073,0.027126,0.028072,0.504131,0.002566,0.039278
img_01918.jpg,0.392686,0.034083,0.075288,0.229734,0.028206,0.031612,0.112959,0.095431
img_01930.jpg,0.679351,0.012403,0.004167,0.002530,0.162385,0.105794,0.002811,0.030558
img_01932.jpg,0.859267,0.024481,0.000333,0.002551,0.037052,0.034619,0.001950,0.039746
img_01955.jpg,0.041434,0.001650,0.000707,0.000058,0.037832,0.017185,0.000905,0.900229
img_01963.jpg,0.968557,0.000659,0.000225,0.000036,0.007120,0.001992,0.000565,0.020846
img_01966.jpg,0.916782,0.006061,0.002343,0.002291,0.000197,0.004106,0.001216,0.067004
img_01976.jpg,0.885545,0.012650,0.001762,0.000049,0.007047,0.000912,0.000246,0.091789
img_01983.jpg,0.419390,0.003467,0.010076,0.000967,0.548967,0.003457,0.000353,0.013321
img_01984.jpg,0.155344,0.058840,0.002363,0.001408,0.002169,0.028691,0.000268,0.750918
img_01995.jpg,0.140167,0.018557,0.000172,0.019053,0.030711,0.592207,0.002213,0.196920
img_01996.jpg,0.437873,0.062284,0.000316,0.003422,0.055991,0.365002,0.022070,0.053042
img_02001.jpg,0.522522,0.008519,0.000381,0.000418,0.008836,0.289996,0.011498,0.157830
img_02006.jpg,0.266633,0.060966,0.303224,0.007650,0.131726,0.175276,0.000365,0.054160
img_02066.jpg,0.708509,0.025231,0.025742,0.003635,0.078463,0.021721,0.002421,0.134277
img_02074.jpg,0.800310,0.032282,0.006730,0.014169,0.018054,0.055499,0.000165,0.072789
img_02076.jpg,0.272870,0.254936,0.000927,0.000097,0.381244,0.002390,0.000126,0.087410
img_02077.jpg,0.273891,0.012451,0.028550,0.225027,0.051458,0.374228,0.003510,0.030885
img_02078.jpg,0.097196,0.001981,0.052384,0.000040,0.704599,0.029434,0.000466,0.113899
img_02082.jpg,0.211287,0.000429,0.000178,0.000089,0.740893,0.004048,0.036708,0.006367
img_02083.jpg,0.013838,0.000586,0.000124,0.000308,0.975607,0.007434,0.000281,0.001823
img_02096.jpg,0.976187,0.000371,0.003053,0.000007,0.005578,0.001176,0.001739,0.011890
img_02119.jpg,0.625261,0.023647,0.190551,0.003934,0.012117,0.108210,0.001416,0.034864
img_02124.jpg,0.332081,0.023660,0.000238,0.001457,0.018866,0.563672,0.007997,0.052028
img_02135.jpg,0.076843,0.024420,0.000834,0.014951,0.836445,0.001650,0.042084,0.002774
img_02146.jpg,0.376173,0.010963,0.002282,0.000655,0.593395,0.001639,0.000206,0.014687
img_02159.jpg,0.107331,0.000741,0.107513,0.011935,0.556731,0.173803,0.001001,0.040945
img_02172.jpg,0.740729,0.023141,0.003987,0.000343,0.057656,0.142783,0.000708,0.030653
img_02180.jpg,0.815696,0.034513,0.001145,0.001502,0.019977,0.070263,0.004257,0.052647
img_02188.jpg,0.650402,0.024851,0.000641,0.001564,0.006232,0.021334,0.053995,0.240980
img_02194.jpg,0.911819,0.001280,0.000144,0.000018,0.077253,0.006250,0.000019,0.003216
img_02209.jpg,0.327732,0.020147,0.000224,0.001095,0.057493,0.475701,0.026207,0.091399
img_02216.jpg,0.136966,0.398842,0.029712,0.000095,0.261020,0.026441,0.001730,0.145194
img_02231.jpg,0.310753,0.017894,0.001045,0.015361,0.467259,0.170256,0.008013,0.009418
img_02235.jpg,0.045018,0.048850,0.000218,0.066568,0.017194,0.701775,0.005531,0.114847
img_02252.jpg,0.922584,0.000617,0.000542,0.000012,0.069606,0.000903,0.001351,0.004384
img_02268.jpg,0.919650,0.017284,0.015250,0.001715,0.024241,0.013113,0.001881,0.006866
img_02270.jpg,0.846734,0.009361,0.017276,0.001236,0.105731,0.008918,0.000289,0.010455
img_02281.jpg,0.336293,0.033026,0.002064,0.020352,0.412436,0.188151,0.003721,0.003957
img_02282.jpg,0.011257,0.002280,0.007341,0.000162,0.000216,0.002166,0.000175,0.976404
img_02285.jpg,0.941670,0.000440,0.000139,0.000014,0.053086,0.002040,0.002301,0.000311
img_02291.jpg,0.976754,0.006666,0.003014,0.000016,0.009559,0.000217,0.000023,0.003751
img_02299.jpg,0.694999,0.095222,0.000915,0.015142,0.009069,0.037779,0.010196,0.136678
img_02305.jpg,0.066470,0.216330,0.000434,0.102478,0.124986,0.362922,0.009044,0.117335
img_02307.jpg,0.587040,0.063733,0.000552,0.002777,0.011203,0.079333,0.018070,0.237291
img_02309.jpg,0.971521,0.012450,0.000098,0.000008,0.008156,0.000691,0.000082,0.006994
img_02318.jpg,0.158868,0.003282,0.001554,0.000582,0.092377,0.016175,0.001878,0.725284
img_02347.jpg,0.395977,0.045351,0.015113,0.000409,0.263723,0.007675,0.000184,0.271567
img_02356.jpg,0.479448,0.001687,0.005799,0.001025,0.028204,0.027483,0.023192,0.433164
img_02367.jpg,0.844753,0.001946,0.000106,0.001413,0.138042,0.002565,0.003083,0.008092
img_02372.jpg,0.014383,0.002323,0.003703,0.000361,0.966607,0.009933,0.000204,0.002487
img_02379.jpg,0.793092,0.001416,0.001880,0.000645,0.011900,0.004084,0.005620,0.181363
img_02384.jpg,0.491575,0.040430,0.000317,0.000785,0.003952,0.142942,0.040891,0.279109
img_02398.jpg,0.383838,0.005552,0.007965,0.022007,0.002782,0.494416,0.000397,0.083044
img_02400.jpg,0.751699,0.015032,0.042487,0.002080,0.072239,0.070073,0.000784,0.045605
img_02406.jpg,0.328973,0.009922,0.005391,0.307646,0.057876,0.274619,0.003699,0.011873
img_02412.jpg,0.626472,0.001433,0.000453,0.000010,0.122318,0.002640,0.000213,0.246461
img_02416.jpg,0.248914,0.601793,0.035850,0.000335,0.017625,0.020451,0.000964,0.074069
img_02422.jpg,0.214933,0.028264,0.000624,0.001967,0.001958,0.118328,0.112328,0.521599
img_02479.jpg,0.033473,0.003774,0.000927,0.000081,0.955297,0.001060,0.001254,0.004134
img_02486.jpg,0.540959,0.019534,0.024114,0.000660,0.004699,0.261548,0.001016,0.147469
img_02487.jpg,0.895225,0.006694,0.000100,0.000004,0.025683,0.000406,0.000415,0.071473
img_02507.jpg,0.474329,0.010393,0.225086,0.020930,0.027030,0.146667,0.005570,0.089995
img_02522.jpg,0.468785,0.257787,0.001538,0.032745,0.144848,0.061688,0.004087,0.028522
img_02540.jpg,0.397215,0.012634,0.093950,0.016258,0.075842,0.363617,0.004695,0.035789
img_02546.jpg,0.198247,0.150089,0.001868,0.000105,0.050463,0.004204,0.000154,0.594872
img_02556.jpg,0.769731,0.016535,0.001619,0.000273,0.007478,0.022629,0.032356,0.149380
img_02560.jpg,0.116288,0.031018,0.000351,0.002604,0.805441,0.008216,0.001378,0.034705
img_02563.jpg,0.006219,0.000761,0.000939,0.000213,0.985314,0.003731,0.000048,0.002776
img_02565.jpg,0.563464,0.046786,0.005312,0.001176,0.007301,0.110039,0.043210,0.222713
img_02573.jpg,0.217512,0.672728,0.047763,0.000201,0.005670,0.007255,0.000239,0.048633
img_02574.jpg,0.461847,0.002352,0.000127,0.000251,0.502586,0.019287,0.000385,0.013166
img_02602.jpg,0.809399,0.084462,0.000422,0.000182,0.012370,0.019460,0.000389,0.073316
img_02607.jpg,0.243452,0.007510,0.006718,0.029042,0.453940,0.105982,0.007595,0.145761
img_02622.jpg,0.737748,0.005981,0.000207,0.000294,0.008062,0.012628,0.011746,0.223333
img_02625.jpg,0.605448,0.032374,0.001205,0.002822,0.034260,0.271457,0.012623,0.039811
img_02636.jpg,0.518265,0.130166,0.020770,0.000212,0.127363,0.001307,0.000842,0.201075
img_02638.jpg,0.839734,0.003335,0.005918,0.002425,0.000641,0.072390,0.000412,0.075145
img_02641.jpg,0.876902,0.004495,0.001109,0.000673,0.048767,0.046433,0.001441,0.020180
img_02646.jpg,0.046442,0.004134,0.000112,0.002363,0.014164,0.057736,0.003419,0.871630
img_02648.jpg,0.167819,0.121216,0.033955,0.001268,0.022632,0.065002,0.000759,0.587350
img_02651.jpg,0.789636,0.000441,0.002683,0.000007,0.189541,0.000369,0.000261,0.017061
img_02656.jpg,0.618564,0.073141,0.004163,0.125766,0.006607,0.045270,0.001421,0.125067
img_02666.jpg,0.921084,0.001346,0.000315,0.000017,0.036957,0.000456,0.000093,0.039732
img_02679.jpg,0.342349,0.117721,0.001436,0.002349,0.488491,0.000464,0.000082,0.047109
img_02687.jpg,0.045063,0.000936,0.002740,0.000453,0.095897,0.010767,0.000329,0.843814
img_02699.jpg,0.789476,0.004723,0.000224,0.000039,0.121710,0.020177,0.021494,0.042157
img_02702.jpg,0.973056,0.000455,0.000598,0.000014,0.007745,0.000102,0.000134,0.017896
img_02703.jpg,0.165369,0.001654,0.006048,0.001488,0.047572,0.012700,0.020299,0.744871
img_02709.jpg,0.869554,0.017902,0.009639,0.027677,0.025635,0.015920,0.000976,0.032697
img_02726.jpg,0.361934,0.001883,0.037306,0.000677,0.575169,0.010087,0.000478,0.012468
img_02733.jpg,0.842786,0.031472,0.007665,0.021738,0.032519,0.058180,0.000055,0.005586
img_02734.jpg,0.747201,0.017050,0.000792,0.000769,0.032879,0.108388,0.000859,0.092062
img_02739.jpg,0.922591,0.010978,0.000199,0.000029,0.051672,0.002311,0.000287,0.011932
img_02749.jpg,0.589259,0.004106,0.003145,0.047629,0.091751,0.237560,0.001222,0.025328
img_02759.jpg,0.250624,0.074403,0.081288,0.000942,0.004655,0.047585,0.000209,0.540295
img_02764.jpg,0.878573,0.003599,0.000158,0.000013,0.093028,0.017845,0.000067,0.006717
img_02766.jpg,0.980347,0.007971,0.001453,0.000007,0.003081,0.000115,0.000113,0.006912
img_02769.jpg,0.149514,0.069046,0.030908,0.000878,0.003919,0.034686,0.000149,0.710900
img_02771.jpg,0.903679,0.032302,0.002644,0.010206,0.000308,0.006145,0.000240,0.044476
img_02789.jpg,0.350195,0.000463,0.000435,0.000069,0.592717,0.004783,0.044570,0.006769
img_02799.jpg,0.943482,0.011714,0.000135,0.000054,0.017764,0.001084,0.001180,0.024587
img_02808.jpg,0.835957,0.010683,0.006498,0.022062,0.006421,0.087640,0.000114,0.030624
img_02811.jpg,0.531419,0.002034,0.001574,0.028179,0.145965,0.283752,0.000281,0.006797
img_02830.jpg,0.074145,0.063992,0.002486,0.005287,0.007272,0.074993,0.290744,0.481081
img_02834.jpg,0.671873,0.038802,0.002008,0.000353,0.009400,0.074576,0.042798,0.160191
img_02837.jpg,0.527731,0.177277,0.001412,0.000434,0.010456,0.039817,0.004422,0.238451
img_02838.jpg,0.803138,0.089517,0.026304,0.002984,0.015988,0.025244,0.002132,0.034693
img_02842.jpg,0.322560,0.023192,0.001145,0.002541,0.032144,0.519854,0.027891,0.070672
img_02857.jpg,0.584117,0.220662,0.002612,0.000313,0.145983,0.011335,0.000166,0.034811
img_02865.jpg,0.053374,0.015713,0.000083,0.000032,0.793630,0.003353,0.000101,0.133714
img_02871.jpg,0.149230,0.085547,0.000568,0.002951,0.006481,0.068492,0.173354,0.513378
img_02876.jpg,0.071952,0.012238,0.089689,0.000137,0.045048,0.014716,0.000703,0.765518
img_02889.jpg,0.875947,0.011435,0.016960,0.018435,0.010850,0.011633,0.000477,0.054262
img_02890.jpg,0.354504,0.003971,0.003195,0.038648,0.019500,0.575189,0.001133,0.003860
img_02899.jpg,0.848969,0.010366,0.003417,0.084133,0.023335,0.018135,0.000103,0.011543
img_02904.jpg,0.986166,0.000875,0.002088,0.000562,0.001820,0.004926,0.000155,0.003408
img_02911.jpg,0.137093,0.175949,0.006086,0.009065,0.403770,0.248823,0.003936,0.015277
img_02916.jpg,0.850958,0.006538,0.004634,0.000775,0.092613,0.028246,0.000254,0.015981
img_02920.jpg,0.979467,0.011709,0.000162,0.000225,0.000271,0.005728,0.000218,0.002220
img_02943.jpg,0.917993,0.004492,0.000667,0.026344,0.003033,0.036211,0.000198,0.011062
img_02949.jpg,0.732305,0.020329,0.025886,0.011168,0.113581,0.018962,0.000671,0.077098
img_02954.jpg,0.465021,0.039907,0.002156,0.000038,0.021515,0.068838,0.001984,0.400541
img_02956.jpg,0.507437,0.019075,0.004999,0.000078,0.008141,0.007280,0.000995,0.451995
img_02964.jpg,0.021284,0.043312,0.070618,0.000039,0.000756,0.006741,0.000449,0.856802
img_02974.jpg,0.668015,0.037220,0.004927,0.000044,0.037568,0.001079,0.003805,0.247341
img_02977.jpg,0.243289,0.207831,0.000182,0.000148,0.356007,0.003202,0.000036,0.189305
img_02993.jpg,0.111368,0.035164,0.039240,0.000197,0.001272,0.017943,0.001200,0.793616
img_03014.jpg,0.009147,0.002366,0.000155,0.000012,0.971891,0.006563,0.000120,0.009746
img_03043.jpg,0.179387,0.117787,0.017079,0.000871,0.008155,0.173358,0.003724,0.499640
img_03055.jpg,0.762829,0.032989,0.001687,0.008151,0.001535,0.048049,0.001228,0.143532
img_03064.jpg,0.496001,0.026907,0.013395,0.000953,0.090716,0.049446,0.059642,0.262941
img_03069.jpg,0.728921,0.032032,0.000464,0.015255,0.015506,0.050258,0.035253,0.122310
img_03074.jpg,0.943981,0.023721,0.002905,0.005809,0.003272,0.004474,0.001254,0.014585
img_03078.jpg,0.600570,0.096252,0.006804,0.006559,0.004873,0.025285,0.001423,0.258235
img_03080.jpg,0.957681,0.000281,0.000156,0.000038,0.013993,0.000570,0.000256,0.027025
img_03082.jpg,0.422625,0.338344,0.001006,0.001354,0.003420,0.002612,0.000257,0.230383
img_03087.jpg,0.167967,0.018544,0.000987,0.001654,0.781578,0.019288,0.002971,0.007011
img_03116.jpg,0.041216,0.021898,0.000193,0.000001,0.741665,0.000062,0.000024,0.194940
img_03128.jpg,0.873199,0.002551,0.000320,0.000079,0.000840,0.022557,0.014710,0.085743
img_03135.jpg,0.771328,0.009255,0.001124,0.000384,0.008382,0.020807,0.018731,0.169989
img_03140.jpg,0.884493,0.023541,0.000280,0.000564,0.012238,0.015874,0.000313,0.062697
img_03166.jpg,0.855887,0.002798,0.000621,0.000059,0.109052,0.011598,0.012366,0.007619
img_03169.jpg,0.035612,0.102797,0.302189,0.000681,0.019530,0.007779,0.001179,0.530234
img_03181.jpg,0.331817,0.223765,0.004277,0.000597,0.013910,0.404077,0.000888,0.020669
img_03195.jpg,0.672720,0.032836,0.000448,0.000201,0.003375,0.050498,0.009151,0.230771
img_03199.jpg,0.857494,0.005263,0.001795,0.000311,0.005903,0.006927,0.034135,0.088172
img_03210.jpg,0.074722,0.074776,0.182273,0.000177,0.005062,0.011854,0.003002,0.648134
img_03220.jpg,0.840385,0.005144,0.000128,0.001819,0.119583,0.024789,0.000934,0.007218
img_03222.jpg,0.709105,0.221432,0.000753,0.004359,0.005399,0.038749,0.001182,0.019021
img_03223.jpg,0.618957,0.163953,0.003491,0.001266,0.013238,0.045818,0.010348,0.142930
img_03228.jpg,0.597348,0.091106,0.002081,0.055936,0.011586,0.024810,0.000084,0.217049
img_03229.jpg,0.461084,0.032545,0.005021,0.001010,0.001556,0.123737,0.165805,0.209244
img_03231.jpg,0.669154,0.041612,0.015431,0.002804,0.085998,0.009374,0.000582,0.175045
img_03238.jpg,0.338886,0.021320,0.003033,0.001710,0.005737,0.270537,0.058247,0.300531
img_03239.jpg,0.035005,0.112284,0.000933,0.000525,0.030850,0.000845,0.811709,0.007849
img_03252.jpg,0.947367,0.014855,0.004092,0.000022,0.024562,0.000662,0.000100,0.008339
img_03254.jpg,0.152793,0.013401,0.000316,0.001310,0.039405,0.755259,0.009989,0.027527
img_03260.jpg,0.711476,0.009487,0.008266,0.006733,0.022076,0.207261,0.002368,0.032331
img_03261.jpg,0.824079,0.073994,0.024940,0.001097,0.019385,0.027814,0.001029,0.027662
img_03270.jpg,0.232779,0.000856,0.002259,0.000406,0.008417,0.029605,0.006287,0.719390
img_03283.jpg,0.311422,0.039765,0.008012,0.010283,0.001880,0.084733,0.004493,0.539414
img_03290.jpg,0.548370,0.025732,0.005648,0.000330,0.010884,0.014407,0.008392,0.386237
img_03297.jpg,0.978883,0.001368,0.000616,0.000686,0.006932,0.005855,0.000210,0.005450
img_03310.jpg,0.753743,0.041631,0.000250,0.005570,0.008679,0.138134,0.001375,0.050618
img_03312.jpg,0.718508,0.042467,0.001260,0.002516,0.000659,0.125199,0.005584,0.103806
img_03324.jpg,0.060478,0.114810,0.232935,0.001446,0.002564,0.008378,0.002335,0.577055
img_03333.jpg,0.577374,0.061709,0.000894,0.001620,0.012945,0.272020,0.028994,0.044444
img_03342.jpg,0.683476,0.018761,0.000224,0.000284,0.005696,0.028550,0.015751,0.247258
img_03346.jpg,0.872336,0.028566,0.004628,0.002631,0.005738,0.047389,0.001970,0.036742
img_03355.jpg,0.169077,0.016933,0.003249,0.000329,0.002494,0.007402,0.044870,0.755646
img_03361.jpg,0.079748,0.855782,0.000968,0.000320,0.007170,0.007434,0.003426,0.045153
img_03370.jpg,0.832630,0.006354,0.000243,0.000182,0.000966,0.016196,0.016059,0.127369
img_03399.jpg,0.823385,0.087354,0.000358,0.006116,0.040080,0.029545,0.001229,0.011933
img_03410.jpg,0.777688,0.031244,0.000555,0.000027,0.169566,0.000540,0.000045,0.020335
img_03422.jpg,0.736253,0.016952,0.011977,0.058948,0.022378,0.114389,0.000293,0.038810
img_03426.jpg,0.714609,0.003921,0.001197,0.001187,0.177335,0.005648,0.002751,0.093352
img_03439.jpg,0.563949,0.004073,0.002192,0.035445,0.088010,0.291583,0.000356,0.014394
img_03440.jpg,0.121642,0.062209,0.085832,0.000183,0.003057,0.005467,0.000875,0.720735
img_03444.jpg,0.432522,0.460194,0.006472,0.000454,0.007379,0.045876,0.005586,0.041517
img_03445.jpg,0.383247,0.001445,0.000328,0.000080,0.598188,0.000401,0.000709,0.015601
img_03446.jpg,0.053335,0.057246,0.249686,0.000330,0.005281,0.011508,0.001422,0.621192
img_03452.jpg,0.301234,0.618280,0.005347,0.000131,0.004870,0.016749,0.003623,0.049766
img_03454.jpg,0.757718,0.000193,0.000598,0.000058,0.231060,0.002649,0.005378,0.002347
img_03456.jpg,0.003351,0.002034,0.000106,0.000008,0.989696,0.002659,0.000048,0.002097
img_03457.jpg,0.788414,0.012874,0.008783,0.000531,0.030406,0.083000,0.000238,0.075753
img_03471.jpg,0.460290,0.048261,0.087657,0.092185,0.025419,0.013764,0.039439,0.232986
img_03475.jpg,0.319048,0.000781,0.000245,0.000004,0.617772,0.000371,0.000010,0.061771
img_03488.jpg,0.767735,0.145783,0.002167,0.003487,0.000459,0.042511,0.000852,0.037005
img_03490.jpg,0.292185,0.525057,0.018717,0.000419,0.029249,0.014485,0.000708,0.119180
img_03502.jpg,0.691042,0.018828,0.000274,0.000621,0.009791,0.043212,0.012583,0.223649
img_03504.jpg,0.338013,0.188168,0.006902,0.000906,0.024193,0.390521,0.001249,0.050048
img_03520.jpg,0.577003,0.086650,0.032406,0.002425,0.179313,0.023369,0.002515,0.096320
img_03527.jpg,0.029556,0.077937,0.089086,0.000178,0.006534,0.015353,0.000414,0.780942
img_03547.jpg,0.952645,0.015817,0.001431,0.005400,0.000591,0.015691,0.002164,0.006260
img_03548.jpg,0.421209,0.019165,0.002059,0.004114,0.018048,0.125435,0.135801,0.274170
img_03554.jpg,0.933284,0.024437,0.000194,0.000113,0.022621,0.000585,0.000615,0.018152
img_03563.jpg,0.267388,0.204145,0.001343,0.003808,0.041026,0.015057,0.000923,0.466309
img_03581.jpg,0.578308,0.003893,0.003169,0.031474,0.057869,0.294995,0.000338,0.029954
img_03584.jpg,0.006705,0.004252,0.005201,0.000010,0.058931,0.000330,0.000748,0.923823
img_03587.jpg,0.231951,0.069918,0.001036,0.000636,0.010200,0.019333,0.030217,0.636709
img_03588.jpg,0.323478,0.036365,0.000259,0.001658,0.063659,0.514332,0.033729,0.026519
img_03602.jpg,0.390014,0.008775,0.000193,0.000931,0.014821,0.575985,0.004217,0.005062
img_03627.jpg,0.957513,0.012204,0.003615,0.000041,0.011916,0.000860,0.000122,0.013729
img_03628.jpg,0.987539,0.000152,0.000191,0.000048,0.004982,0.000328,0.000083,0.006677
img_03652.jpg,0.850857,0.004920,0.000097,0.000019,0.129253,0.009374,0.000026,0.005453
img_03670.jpg,0.722219,0.000146,0.000346,0.000076,0.260964,0.006284,0.003007,0.006958
img_03674.jpg,0.285633,0.011326,0.001576,0.006608,0.645471,0.012137,0.002781,0.034468
img_03677.jpg,0.828693,0.020066,0.005606,0.025491,0.005831,0.036158,0.002171,0.075983
img_03711.jpg,0.844613,0.036131,0.011341,0.000889,0.011454,0.039697,0.002095,0.053780
img_03715.jpg,0.265752,0.051081,0.007061,0.043602,0.373529,0.211824,0.005092,0.042058
img_03718.jpg,0.559816,0.002566,0.001237,0.023971,0.095925,0.277389,0.000481,0.038615
img_03726.jpg,0.049237,0.319102,0.000344,0.092421,0.131437,0.231781,0.009500,0.166177
img_03739.jpg,0.033206,0.072943,0.035363,0.000688,0.002238,0.152576,0.004010,0.698976
img_03749.jpg,0.259230,0.050698,0.000867,0.010211,0.014725,0.047755,0.101795,0.514720
img_03750.jpg,0.401348,0.011445,0.001492,0.000534,0.007905,0.103804,0.161006,0.312467
img_03760.jpg,0.265292,0.055815,0.001618,0.008405,0.020355,0.203219,0.121629,0.323668
img_03764.jpg,0.925434,0.012834,0.005930,0.000291,0.000217,0.029682,0.000484,0.025129
img_03776.jpg,0.402345,0.003174,0.007799,0.000191,0.436021,0.000779,0.000145,0.149545
img_03801.jpg,0.822665,0.002801,0.001083,0.000123,0.047566,0.002088,0.000416,0.123259
img_03805.jpg,0.788539,0.024524,0.005813,0.061055,0.005017,0.022998,0.000928,0.091127
img_03809.jpg,0.435564,0.346384,0.002403,0.001064,0.080770,0.008333,0.009657,0.115826
img_03825.jpg,0.988317,0.004893,0.000106,0.000456,0.000918,0.002359,0.000184,0.002767
