image,ALB,BET,DOL,LAG,NoF,OTHER,SHARK,YFT
img_00005.jpg,0.076335,0.001179,0.005295,0.000223,0.906092,0.005213,0.002165,0.003499
img_00007.jpg,0.342437,0.150809,0.007490,0.026448,0.014943,0.093571,0.004703,0.359599
img_00009.jpg,0.407577,0.063978,0.008536,0.014236,0.032701,0.409971,0.006508,0.056494
img_00018.jpg,0.826346,0.016174,0.006350,0.021006,0.003485,0.047376,0.001803,0.077460
img_00027.jpg,0.645989,0.025912,0.001696,0.001713,0.007224,0.095902,0.056967,0.164598
img_00030.jpg,0.312538,0.009900,0.003584,0.002131,0.612395,0.004524,0.018208,0.036719
img_00040.jpg,0.532731,0.028978,0.004624,0.002487,0.008906,0.091810,0.170296,0.160167
img_00046.jpg,0.834380,0.004044,0.002335,0.000191,0.137079,0.003198,0.008222,0.010551
img_00053.jpg,0.901945,0.006927,0.010074,0.004062,0.026459,0.026639,0.000784,0.023110
img_00071.jpg,0.209244,0.028376,0.002382,0.576747,0.046139,0.127198,0.004759,0.005155
img_00075.jpg,0.419772,0.160567,0.004353,0.013296,0.072778,0.238007,0.000906,0.090321
img_00102.jpg,0.327629,0.036741,0.007440,0.004542,0.006719,0.161212,0.072311,0.383407
img_00103.jpg,0.614836,0.024485,0.008726,0.057919,0.010708,0.210152,0.002625,0.070550
img_00109.jpg,0.738912,0.008542,0.002773,0.000210,0.214977,0.003530,0.008379,0.022677
img_00119.jpg,0.052003,0.010211,0.000986,0.000628,0.874134,0.005740,0.000439,0.055859
img_00120.jpg,0.272732,0.033989,0.007410,0.001239,0.010507,0.022376,0.102294,0.549452
img_00125.jpg,0.564207,0.043703,0.008534,0.022485,0.017645,0.102341,0.008410,0.232674
img_00128.jpg,0.018228,0.049473,0.238195,0.001837,0.007097,0.010247,0.001665,0.673257
img_00129.jpg,0.548295,0.040675,0.009550,0.003943,0.005652,0.065435,0.100335,0.226114
img_00133.jpg,0.272835,0.096460,0.001916,0.036617,0.375882,0.177565,0.003048,0.035677
img_00138.jpg,0.536843,0.035669,0.016419,0.013352,0.138387,0.050441,0.003648,0.205240
img_00141.jpg,0.023549,0.029305,0.095205,0.001341,0.003510,0.012506,0.001663,0.832922
img_00152.jpg,0.127944,0.019570,0.009879,0.009227,0.002407,0.045962,0.003753,0.781258
img_00161.jpg,0.014909,0.002454,0.011294,0.000369,0.051739,0.088632,0.002231,0.828372
img_00164.jpg,0.011248,0.004932,0.009723,0.000901,0.665034,0.047750,0.005899,0.254513
img_00170.jpg,0.666028,0.023627,0.005879,0.055004,0.053825,0.159357,0.001823,0.034458
img_00171.jpg,0.447418,0.019957,0.010481,0.062827,0.035328,0.329578,0.002584,0.091827
img_00172.jpg,0.050358,0.001889,0.002312,0.000372,0.932300,0.002681,0.000841,0.009247
img_00175.jpg,0.457928,0.033416,0.012167,0.104159,0.049056,0.294176,0.004469,0.044629
img_00180.jpg,0.331906,0.005421,0.034429,0.006869,0.047502,0.067765,0.057815,0.448294
img_00196.jpg,0.029216,0.003183,0.000278,0.000088,0.947410,0.003890,0.000357,0.015578
img_00212.jpg,0.334750,0.002424,0.008005,0.001464,0.083507,0.021130,0.011232,0.537488
img_00223.jpg,0.674784,0.014597,0.048533,0.009442,0.023277,0.140696,0.002760,0.085912
img_00230.jpg,0.668679,0.056316,0.008215,0.008468,0.001908,0.040134,0.007308,0.208971
img_00232.jpg,0.027020,0.052029,0.001908,0.001272,0.038305,0.007207,0.866647,0.005611
img_00244.jpg,0.597883,0.103800,0.001350,0.013732,0.020007,0.171854,0.004106,0.087269
img_00272.jpg,0.532612,0.159791,0.085819,0.004477,0.015642,0.086837,0.001557,0.113266
img_00280.jpg,0.514870,0.013159,0.022037,0.002348,0.361884,0.031405,0.000623,0.053674
img_00282.jpg,0.509500,0.015630,0.004806,0.068604,0.051629,0.303198,0.002316,0.044316
img_00285.jpg,0.551172,0.039104,0.010899,0.006068,0.030122,0.051402,0.123412,0.187821
img_00289.jpg,0.597705,0.026128,0.002531,0.000512,0.302634,0.043589,0.000775,0.026126
img_00292.jpg,0.376059,0.040807,0.003854,0.003341,0.011679,0.116349,0.056444,0.391466
img_00302.jpg,0.456979,0.028617,0.005397,0.002176,0.004887,0.102845,0.127098,0.272001
img_00311.jpg,0.804615,0.044663,0.003930,0.000726,0.081358,0.010414,0.001503,0.052792
img_00320.jpg,0.951090,0.013253,0.004498,0.000127,0.014111,0.001448,0.000718,0.014755
img_00331.jpg,0.407301,0.027845,0.007152,0.002188,0.014388,0.142089,0.108622,0.290415
img_00358.jpg,0.323463,0.023106,0.002836,0.002757,0.014165,0.231431,0.090228,0.312013
img_00374.jpg,0.552227,0.026023,0.005687,0.013261,0.002217,0.055836,0.001452,0.343297
img_00375.jpg,0.229845,0.062766,0.032121,0.010950,0.279091,0.307766,0.001534,0.075927
img_00376.jpg,0.639885,0.006869,0.005164,0.001049,0.009030,0.034262,0.052676,0.251064
img_00380.jpg,0.715581,0.011420,0.005761,0.002290,0.108403,0.122415,0.003133,0.030998
img_00383.jpg,0.815031,0.037258,0.003008,0.001569,0.036793,0.011044,0.004714,0.090583
img_00398.jpg,0.520161,0.011421,0.002621,0.000613,0.334384,0.029204,0.028763,0.072832
img_00407.jpg,0.652139,0.029385,0.020478,0.077631,0.010410,0.050563,0.001455,0.157937
img_00417.jpg,0.519818,0.003180,0.006172,0.001304,0.126686,0.027017,0.007260,0.308564
img_00432.jpg,0.301723,0.013629,0.094043,0.026586,0.142463,0.370819,0.008928,0.041808
img_00442.jpg,0.025514,0.012337,0.054956,0.001169,0.005422,0.020234,0.002916,0.877451
img_00446.jpg,0.796224,0.032041,0.000845,0.008592,0.064731,0.081873,0.001210,0.014483
img_00469.jpg,0.677308,0.069622,0.002126,0.013835,0.077052,0.096138,0.007217,0.056701
img_00473.jpg,0.829701,0.002785,0.008770,0.001187,0.055094,0.003709,0.002681,0.096073
img_00483.jpg,0.701095,0.010075,0.002807,0.000560,0.089328,0.002509,0.001647,0.191979
img_00484.jpg,0.537083,0.064638,0.002999,0.010897,0.082837,0.179729,0.006308,0.115509
img_00486.jpg,0.750028,0.038066,0.017083,0.032756,0.067114,0.046871,0.001394,0.046688
img_00487.jpg,0.080649,0.010017,0.001993,0.002937,0.817598,0.005583,0.055213,0.026010
img_00493.jpg,0.190200,0.052072,0.008480,0.010639,0.444161,0.110393,0.014724,0.169331
img_00518.jpg,0.807363,0.001707,0.006700,0.000598,0.135899,0.016309,0.015076,0.016349
img_00533.jpg,0.346320,0.028594,0.005037,0.003412,0.010823,0.092183,0.080682,0.432950
img_00538.jpg,0.540646,0.038034,0.007714,0.041660,0.044362,0.105865,0.001381,0.220338
img_00543.jpg,0.898179,0.024365,0.002656,0.000307,0.030953,0.003654,0.000644,0.039242
img_00550.jpg,0.415852,0.011649,0.143529,0.018775,0.090156,0.242696,0.004925,0.072417
img_00551.jpg,0.722837,0.007598,0.006717,0.064030,0.031169,0.130608,0.001263,0.035779
img_00564.jpg,0.033525,0.007002,0.006491,0.002950,0.822415,0.109324,0.003935,0.014357
img_00575.jpg,0.548439,0.038112,0.004622,0.002037,0.017468,0.061986,0.073541,0.253794
img_00582.jpg,0.535927,0.030325,0.002128,0.003671,0.093194,0.294839,0.003247,0.036668
img_00584.jpg,0.895940,0.003273,0.001068,0.000275,0.075149,0.002495,0.001385,0.020414
img_00587.jpg,0.560636,0.017612,0.002771,0.001946,0.010793,0.084292,0.049236,0.272713
img_00590.jpg,0.456054,0.040733,0.007212,0.002048,0.012938,0.035886,0.042961,0.402168
img_00591.jpg,0.439714,0.021078,0.017934,0.001084,0.007022,0.028590,0.020356,0.464223
img_00598.jpg,0.815225,0.012266,0.005043,0.016592,0.002033,0.059430,0.001108,0.088303
img_00599.jpg,0.445624,0.021250,0.005171,0.001311,0.010133,0.061895,0.209465,0.245150
img_00612.jpg,0.387117,0.044059,0.006315,0.005890,0.032504,0.297698,0.088289,0.138127
img_00618.jpg,0.420335,0.004128,0.000353,0.000126,0.554507,0.007018,0.000327,0.013207
img_00620.jpg,0.919128,0.005281,0.001624,0.002782,0.038347,0.012085,0.000674,0.020079
img_00642.jpg,0.184464,0.135862,0.020388,0.514413,0.015891,0.036674,0.005429,0.086879
img_00646.jpg,0.094202,0.096567,0.072698,0.001608,0.003166,0.034737,0.003937,0.693084
img_00648.jpg,0.839901,0.046918,0.003342,0.000595,0.053953,0.006260,0.001520,0.047511
img_00650.jpg,0.544250,0.026287,0.009467,0.005988,0.027124,0.104941,0.176158,0.105785
img_00654.jpg,0.481211,0.036853,0.045016,0.008474,0.045102,0.071182,0.004184,0.307976
img_00664.jpg,0.888994,0.021923,0.009367,0.000624,0.045550,0.001945,0.002623,0.028975
img_00667.jpg,0.098673,0.003291,0.000515,0.000200,0.847894,0.008172,0.000684,0.040570
img_00676.jpg,0.064328,0.010800,0.002282,0.000415,0.804816,0.042473,0.001119,0.073767
img_00697.jpg,0.014852,0.027733,0.094191,0.002840,0.010117,0.020416,0.002379,0.827472
img_00708.jpg,0.294701,0.044464,0.006711,0.003416,0.018904,0.177179,0.210703,0.243923
img_00716.jpg,0.171695,0.039875,0.004506,0.003332,0.004367,0.079122,0.170072,0.527031
img_00717.jpg,0.798338,0.035850,0.001616,0.019073,0.028889,0.068706,0.001195,0.046334
img_00718.jpg,0.674569,0.010422,0.005387,0.069527,0.051627,0.153671,0.002132,0.032665
img_00723.jpg,0.555695,0.045745,0.002331,0.001322,0.308933,0.010754,0.007111,0.068110
img_00724.jpg,0.297163,0.009770,0.009847,0.008130,0.058159,0.068739,0.254432,0.293759
img_00726.jpg,0.773591,0.006621,0.003081,0.001076,0.046573,0.007082,0.077548,0.084428
img_00729.jpg,0.637306,0.003510,0.012120,0.000939,0.285904,0.018011,0.018614,0.023595
img_00730.jpg,0.498512,0.013488,0.007282,0.002156,0.012075,0.038281,0.093234,0.334973
img_00757.jpg,0.857110,0.023952,0.011716,0.011773,0.024731,0.032096,0.001927,0.036695
img_00760.jpg,0.278514,0.064373,0.018230,0.321516,0.088319,0.071979,0.005908,0.151160
img_00763.jpg,0.063994,0.003798,0.000850,0.000056,0.812447,0.000596,0.000152,0.118107
img_00764.jpg,0.262137,0.017540,0.037856,0.000320,0.124740,0.025006,0.001597,0.530804
img_00765.jpg,0.182035,0.052258,0.004489,0.014528,0.058112,0.509375,0.015614,0.163589
img_00772.jpg,0.064060,0.083444,0.168443,0.001059,0.013280,0.013979,0.001685,0.654049
img_00773.jpg,0.589457,0.039423,0.038020,0.015508,0.058931,0.229288,0.002657,0.026716
img_00777.jpg,0.794042,0.077653,0.001372,0.013495,0.033529,0.058543,0.002928,0.018437
img_00780.jpg,0.073104,0.085211,0.039388,0.001640,0.005546,0.046234,0.004077,0.744801
img_00798.jpg,0.658084,0.060033,0.003248,0.022148,0.015186,0.097733,0.005607,0.137963
img_00808.jpg,0.846267,0.032356,0.003394,0.010415,0.004387,0.046839,0.000399,0.055943
img_00816.jpg,0.847275,0.004339,0.002643,0.000681,0.059147,0.001629,0.001624,0.082663
img_00828.jpg,0.010837,0.005607,0.004575,0.000706,0.906389,0.049624,0.002113,0.020150
img_00833.jpg,0.283564,0.035416,0.007635,0.001736,0.023847,0.203011,0.216207,0.228583
img_00837.jpg,0.492640,0.031890,0.013127,0.010995,0.003888,0.116314,0.001356,0.329791
img_00855.jpg,0.526137,0.077285,0.004729,0.039169,0.126111,0.076809,0.005814,0.143946
img_00857.jpg,0.894537,0.025573,0.006818,0.000223,0.032827,0.002992,0.000870,0.036160
img_00858.jpg,0.571408,0.017849,0.003839,0.003788,0.278571,0.046345,0.001237,0.076963
img_00865.jpg,0.732456,0.059338,0.007357,0.025717,0.002592,0.090798,0.004066,0.077675
img_00876.jpg,0.087809,0.018103,0.004043,0.000660,0.767781,0.022378,0.001368,0.097856
img_00889.jpg,0.112663,0.073080,0.087678,0.001482,0.015535,0.065128,0.001429,0.643005
img_00894.jpg,0.792609,0.022559,0.023035,0.000614,0.108063,0.011661,0.000360,0.041098
img_00902.jpg,0.022409,0.099955,0.001527,0.001861,0.046972,0.003093,0.813047,0.011136
img_00914.jpg,0.160058,0.031142,0.104173,0.001020,0.199316,0.037965,0.005133,0.461193
img_00921.jpg,0.692008,0.019927,0.005729,0.001214,0.008724,0.042684,0.042270,0.187443
img_00927.jpg,0.674899,0.021795,0.009894,0.001879,0.021529,0.030243,0.030630,0.209132
img_00943.jpg,0.713374,0.015750,0.006393,0.000886,0.097108,0.004579,0.007127,0.154784
img_00948.jpg,0.508939,0.010705,0.023128,0.003432,0.301903,0.039500,0.000906,0.111488
img_00950.jpg,0.538417,0.015195,0.052337,0.003714,0.314901,0.028850,0.003292,0.043294
img_00959.jpg,0.685362,0.013498,0.001626,0.001549,0.205361,0.044942,0.005236,0.042426
img_00962.jpg,0.053667,0.045771,0.128174,0.003133,0.010848,0.018229,0.002296,0.737882
img_00964.jpg,0.085499,0.053981,0.382736,0.001973,0.005508,0.024335,0.002055,0.443913
img_00966.jpg,0.389164,0.064580,0.014943,0.002908,0.206074,0.006034,0.014238,0.302058
img_00974.jpg,0.590279,0.021485,0.005448,0.187760,0.013894,0.074737,0.005396,0.101002
img_00979.jpg,0.061109,0.033234,0.105212,0.005970,0.001010,0.018007,0.009675,0.765783
img_00982.jpg,0.247812,0.505018,0.113582,0.001932,0.016350,0.022159,0.002259,0.090887
img_00985.jpg,0.382506,0.052055,0.003700,0.002336,0.010307,0.076094,0.061450,0.411553
img_00999.jpg,0.764884,0.012518,0.006313,0.000640,0.003124,0.021245,0.043758,0.147518
img_01022.jpg,0.621009,0.020687,0.001011,0.078242,0.051427,0.145611,0.001723,0.080291
img_01031.jpg,0.887291,0.006508,0.003145,0.001107,0.074204,0.015736,0.000224,0.011785
img_01035.jpg,0.749305,0.099342,0.001445,0.009913,0.053921,0.071917,0.001488,0.012670
img_01043.jpg,0.466625,0.105577,0.006911,0.021690,0.219410,0.065752,0.005091,0.108944
img_01058.jpg,0.678140,0.027405,0.008469,0.000457,0.042575,0.003064,0.000686,0.239203
img_01059.jpg,0.475703,0.046922,0.007267,0.008737,0.007846,0.162091,0.087396,0.204038
img_01090.jpg,0.329795,0.092437,0.006607,0.002176,0.485754,0.012502,0.000686,0.070043
img_01102.jpg,0.587859,0.186008,0.030733,0.006141,0.057129,0.024233,0.000661,0.107237
img_01103.jpg,0.370214,0.303553,0.012074,0.021754,0.004131,0.019187,0.012815,0.256271
img_01116.jpg,0.797857,0.022685,0.009424,0.027515,0.006642,0.042901,0.002368,0.090610
img_01134.jpg,0.683455,0.010255,0.013534,0.058519,0.027995,0.168853,0.000988,0.036401
img_01142.jpg,0.832565,0.015603,0.003213,0.001426,0.017344,0.025961,0.001769,0.102119
img_01168.jpg,0.162796,0.063283,0.007000,0.009275,0.055981,0.551366,0.029453,0.120847
img_01171.jpg,0.132108,0.006932,0.001170,0.000079,0.683542,0.000694,0.000295,0.175180
img_01177.jpg,0.761468,0.038462,0.004111,0.003713,0.062384,0.035464,0.002608,0.091791
img_01179.jpg,0.778616,0.015017,0.002810,0.047166,0.025383,0.109028,0.001658,0.020322
img_01188.jpg,0.209285,0.047123,0.004989,0.013581,0.038428,0.499632,0.017949,0.169013
img_01198.jpg,0.478511,0.053057,0.025845,0.001909,0.193714,0.022952,0.000924,0.223087
img_01204.jpg,0.053417,0.001931,0.000193,0.000114,0.905303,0.004346,0.000534,0.034162
img_01208.jpg,0.365135,0.005994,0.011482,0.000720,0.588042,0.009060,0.000832,0.018737
img_01211.jpg,0.694219,0.023560,0.007363,0.001234,0.035758,0.010663,0.002560,0.224642
img_01213.jpg,0.716330,0.067413,0.007058,0.024908,0.005695,0.092629,0.001400,0.084566
img_01222.jpg,0.658668,0.074257,0.002038,0.034975,0.010334,0.064723,0.016772,0.138233
img_01224.jpg,0.018986,0.029984,0.188609,0.001284,0.000455,0.007392,0.002055,0.751236
img_01237.jpg,0.430622,0.021968,0.004444,0.000881,0.421710,0.028836,0.023914,0.067624
img_01249.jpg,0.557822,0.024241,0.075014,0.041795,0.191466,0.057768,0.005482,0.046412
img_01253.jpg,0.019304,0.008015,0.007932,0.000282,0.044652,0.128492,0.002112,0.789211
img_01286.jpg,0.415840,0.050845,0.002518,0.007891,0.398142,0.071589,0.002570,0.050604
img_01289.jpg,0.382518,0.041620,0.009941,0.008282,0.019807,0.151461,0.118426,0.267946
img_01325.jpg,0.433021,0.104344,0.009865,0.002698,0.342347,0.008459,0.001173,0.098093
img_01328.jpg,0.611557,0.052274,0.013543,0.031193,0.005822,0.149652,0.003678,0.132283
img_01366.jpg,0.428456,0.015967,0.009295,0.062784,0.046016,0.358231,0.004532,0.074718
img_01371.jpg,0.455555,0.060189,0.039785,0.001443,0.186633,0.011440,0.000314,0.244642
img_01373.jpg,0.457706,0.023842,0.053894,0.005418,0.114440,0.143574,0.000995,0.200132
img_01377.jpg,0.566283,0.035223,0.013707,0.014995,0.173288,0.107266,0.002385,0.086853
img_01379.jpg,0.598021,0.049361,0.034388,0.009274,0.025682,0.203638,0.005206,0.074430
img_01384.jpg,0.505825,0.008776,0.150112,0.013601,0.056809,0.196902,0.005288,0.062688
img_01388.jpg,0.467000,0.130597,0.007351,0.005466,0.029498,0.310628,0.001767,0.047694
img_01392.jpg,0.041618,0.060816,0.310831,0.002866,0.017046,0.017374,0.003018,0.546430
img_01399.jpg,0.024602,0.042394,0.087063,0.001944,0.008321,0.016025,0.005639,0.814012
img_01404.jpg,0.722843,0.030336,0.004553,0.095430,0.009811,0.032537,0.000536,0.103954
img_01405.jpg,0.877557,0.013307,0.000515,0.002210,0.020333,0.061455,0.001743,0.022881
img_01413.jpg,0.583003,0.072237,0.006639,0.048214,0.092448,0.104492,0.002208,0.090760
img_01426.jpg,0.364109,0.418790,0.006560,0.000866,0.005275,0.020577,0.008623,0.175201
img_01431.jpg,0.307984,0.092813,0.017649,0.351409,0.056545,0.050264,0.007328,0.116008
img_01441.jpg,0.052194,0.027696,0.051582,0.000611,0.117256,0.215744,0.005060,0.529858
img_01444.jpg,0.395609,0.049285,0.004301,0.002248,0.032546,0.292117,0.077338,0.146555
img_01490.jpg,0.009719,0.020135,0.409103,0.002091,0.006493,0.009260,0.003116,0.540083
img_01495.jpg,0.574874,0.025534,0.011704,0.005194,0.001124,0.121215,0.001598,0.258759
img_01505.jpg,0.052269,0.004042,0.000435,0.000092,0.898360,0.008905,0.000445,0.035453
img_01511.jpg,0.751065,0.024324,0.008422,0.007542,0.065750,0.099545,0.001363,0.041988
img_01519.jpg,0.515007,0.036582,0.006009,0.003148,0.013376,0.182666,0.109455,0.133756
img_01530.jpg,0.629562,0.011420,0.021014,0.000957,0.241919,0.023272,0.000388,0.071468
img_01537.jpg,0.601744,0.018753,0.008430,0.002758,0.096076,0.193764,0.002731,0.075743
img_01538.jpg,0.551096,0.041057,0.002979,0.004313,0.013868,0.298907,0.002558,0.085221
img_01541.jpg,0.013689,0.003352,0.001451,0.000528,0.944126,0.023708,0.002846,0.010300
img_01543.jpg,0.658193,0.002668,0.018515,0.000148,0.205635,0.003634,0.001594,0.109613
img_01548.jpg,0.794650,0.007560,0.004185,0.000615,0.139213,0.003269,0.001164,0.049345
img_01552.jpg,0.889761,0.028412,0.018215,0.000718,0.013087,0.003217,0.001361,0.045230
img_01561.jpg,0.050994,0.006191,0.008009,0.000945,0.909557,0.005826,0.001360,0.017118
img_01562.jpg,0.437607,0.016934,0.009705,0.001529,0.007817,0.022899,0.063789,0.439722
img_01571.jpg,0.442716,0.025294,0.013993,0.001349,0.057706,0.011275,0.019647,0.428020
img_01593.jpg,0.426824,0.036861,0.017171,0.003534,0.010879,0.149708,0.059481,0.295542
img_01595.jpg,0.105362,0.001942,0.000886,0.000621,0.781857,0.007187,0.005941,0.096203
img_01616.jpg,0.403896,0.027719,0.046210,0.002080,0.133900,0.038351,0.134188,0.213656
img_01618.jpg,0.541888,0.194772,0.001097,0.007212,0.036796,0.169907,0.002613,0.045715
img_01627.jpg,0.716606,0.074354,0.009345,0.012790,0.004990,0.124988,0.004047,0.052880
img_01632.jpg,0.836660,0.009260,0.003797,0.000687,0.061394,0.002301,0.001079,0.084821
img_01633.jpg,0.611377,0.044199,0.003485,0.001943,0.013349,0.190301,0.032352,0.102995
img_01640.jpg,0.798322,0.067437,0.002953,0.000481,0.073523,0.006099,0.001590,0.049596
img_01646.jpg,0.768392,0.095400,0.003112,0.017188,0.019081,0.015285,0.001687,0.079855
img_01647.jpg,0.464486,0.019635,0.023871,0.002840,0.414001,0.004664,0.008811,0.061692
img_01649.jpg,0.727398,0.011381,0.002204,0.028298,0.153017,0.032108,0.021967,0.023627
img_01657.jpg,0.055720,0.062359,0.262091,0.002368,0.017708,0.014334,0.002251,0.583168
img_01669.jpg,0.280174,0.071340,0.012296,0.398420,0.073522,0.049066,0.005492,0.109691
img_01673.jpg,0.505580,0.020251,0.003044,0.001290,0.383888,0.032323,0.006874,0.046750
img_01681.jpg,0.450260,0.011317,0.007106,0.000605,0.190306,0.001849,0.003274,0.335283
img_01684.jpg,0.252337,0.047872,0.007359,0.036748,0.009204,0.108746,0.004469,0.533265
img_01685.jpg,0.270613,0.013484,0.229785,0.015569,0.200388,0.158862,0.003551,0.107749
img_01687.jpg,0.579188,0.044094,0.014142,0.003730,0.039948,0.029945,0.084327,0.204627
img_01688.jpg,0.288283,0.049152,0.009730,0.006637,0.016198,0.182032,0.122034,0.325934
img_01689.jpg,0.125009,0.061418,0.022853,0.002126,0.011569,0.078583,0.006174,0.692268
img_01716.jpg,0.006420,0.001813,0.000966,0.000148,0.971660,0.012260,0.000745,0.005987
img_01717.jpg,0.597404,0.056892,0.001806,0.000825,0.270921,0.010278,0.007694,0.054179
img_01724.jpg,0.626712,0.020781,0.009772,0.002265,0.119165,0.113774,0.001849,0.105681
img_01745.jpg,0.675160,0.045656,0.051269,0.011235,0.085436,0.070412,0.004839,0.055994
img_01771.jpg,0.753620,0.058161,0.009590,0.006034,0.003615,0.099434,0.001981,0.067566
img_01773.jpg,0.463400,0.019780,0.005278,0.001013,0.006054,0.033986,0.101338,0.369151
img_01781.jpg,0.253557,0.007068,0.003401,0.282951,0.149723,0.253695,0.001511,0.048093
img_01782.jpg,0.385893,0.004465,0.001178,0.000600,0.479441,0.009820,0.007055,0.111548
img_01802.jpg,0.729771,0.014245,0.008582,0.000805,0.155530,0.037200,0.023915,0.029953
img_01803.jpg,0.064964,0.077024,0.464062,0.002472,0.012182,0.018710,0.002744,0.357842
img_01824.jpg,0.585895,0.050947,0.004662,0.005049,0.014794,0.195573,0.032040,0.111039
img_01825.jpg,0.312016,0.452855,0.037715,0.005045,0.130358,0.009857,0.001423,0.050731
img_01831.jpg,0.599934,0.020161,0.003991,0.061399,0.059929,0.232802,0.001533,0.020251
img_01834.jpg,0.049214,0.030270,0.148161,0.002104,0.002440,0.013261,0.003790,0.750761
img_01847.jpg,0.271632,0.034503,0.007052,0.001746,0.002812,0.155685,0.056189,0.470381
img_01853.jpg,0.603694,0.018489,0.011495,0.002419,0.022440,0.047075,0.033871,0.260518
img_01856.jpg,0.909096,0.001708,0.001462,0.000843,0.049283,0.003093,0.001511,0.033004
img_01860.jpg,0.632875,0.016484,0.007124,0.002075,0.051251,0.034587,0.113634,0.141970
img_01862.jpg,0.628580,0.026944,0.013710,0.001789,0.086503,0.161690,0.001416,0.079367
img_01874.jpg,0.429675,0.028086,0.004058,0.001468,0.014977,0.137863,0.062816,0.321058
img_01888.jpg,0.238355,0.068490,0.006046,0.010425,0.065764,0.464201,0.021012,0.125707
img_01918.jpg,0.546228,0.053477,0.038086,0.108534,0.028131,0.040459,0.079865,0.105218
img_01930.jpg,0.644722,0.020581,0.003528,0.004932,0.171433,0.107691,0.002682,0.044432
img_01932.jpg,0.718680,0.068694,0.003630,0.022202,0.058311,0.059588,0.004711,0.064185
img_01955.jpg,0.063671,0.004368,0.012583,0.001624,0.174087,0.042895,0.007201,0.693570
img_01963.jpg,0.918429,0.001934,0.003047,0.000895,0.038564,0.004207,0.002569,0.030355
img_01966.jpg,0.814197,0.028846,0.006914,0.007888,0.001052,0.020843,0.001777,0.118483
img_01976.jpg,0.768779,0.038607,0.017889,0.001230,0.017002,0.004310,0.001565,0.150618
img_01983.jpg,0.248329,0.005511,0.025180,0.002543,0.677623,0.006753,0.002290,0.031771
img_01984.jpg,0.323394,0.070061,0.004939,0.012982,0.009354,0.053756,0.002014,0.523499
img_01995.jpg,0.089218,0.010755,0.002116,0.006300,0.035829,0.699473,0.023375,0.132933
img_01996.jpg,0.397990,0.046838,0.002264,0.006108,0.086234,0.367211,0.034489,0.058865
img_02001.jpg,0.419642,0.022027,0.006221,0.003715,0.026709,0.202264,0.048625,0.270797
img_02006.jpg,0.433610,0.023475,0.038032,0.019389,0.162265,0.263159,0.001047,0.059023
img_02066.jpg,0.589004,0.049073,0.020850,0.007989,0.115757,0.070274,0.002817,0.144235
img_02074.jpg,0.630310,0.036547,0.030157,0.074113,0.037940,0.084750,0.001102,0.105082
img_02076.jpg,0.449603,0.159076,0.008836,0.001380,0.199848,0.013308,0.000364,0.167586
img_02077.jpg,0.325442,0.036957,0.019462,0.196588,0.042910,0.317784,0.006552,0.054304
img_02078.jpg,0.124488,0.004408,0.082090,0.000613,0.568303,0.019597,0.003184,0.197317
img_02082.jpg,0.291492,0.004764,0.008338,0.001638,0.539254,0.013930,0.116748,0.023837
img_02083.jpg,0.044052,0.012373,0.000879,0.006945,0.828474,0.089100,0.000765,0.017412
img_02096.jpg,0.905417,0.004092,0.016104,0.000327,0.025497,0.005431,0.011167,0.031965
img_02119.jpg,0.663663,0.025659,0.077893,0.006805,0.022729,0.125064,0.003512,0.074674
img_02124.jpg,0.293559,0.013979,0.003035,0.002857,0.032282,0.572304,0.021277,0.060707
img_02135.jpg,0.176895,0.035934,0.001299,0.024787,0.711964,0.015267,0.016521,0.017332
img_02146.jpg,0.458232,0.021587,0.009331,0.003923,0.480615,0.009075,0.001433,0.015803
img_02159.jpg,0.343790,0.004133,0.052021,0.023060,0.308330,0.219403,0.002853,0.046410
img_02172.jpg,0.562558,0.034121,0.013012,0.001441,0.173034,0.143545,0.001707,0.070581
img_02180.jpg,0.713565,0.033395,0.007677,0.005861,0.015012,0.088430,0.035364,0.100696
img_02188.jpg,0.604554,0.024999,0.003329,0.002920,0.012224,0.059723,0.072251,0.220000
img_02194.jpg,0.923483,0.005533,0.000468,0.000200,0.044014,0.015306,0.000263,0.010733
img_02209.jpg,0.385606,0.014275,0.002000,0.001921,0.034443,0.375020,0.074194,0.112541
img_02216.jpg,0.185886,0.066377,0.040440,0.000904,0.216059,0.117358,0.003866,0.369110
img_02231.jpg,0.277969,0.040028,0.001923,0.093215,0.432892,0.115649,0.009040,0.029284
img_02235.jpg,0.106160,0.035033,0.003559,0.010161,0.019402,0.656179,0.025811,0.143695
img_02252.jpg,0.716703,0.005441,0.004028,0.000730,0.238974,0.004070,0.004049,0.026005
img_02268.jpg,0.893083,0.020269,0.006550,0.003303,0.042099,0.026926,0.001161,0.006609
img_02270.jpg,0.739792,0.015474,0.015479,0.002977,0.124093,0.047905,0.000788,0.053491
img_02281.jpg,0.297690,0.041673,0.003604,0.027084,0.340219,0.274435,0.004826,0.010469
img_02282.jpg,0.020101,0.007517,0.020537,0.001048,0.002304,0.006171,0.001199,0.941123
img_02285.jpg,0.824487,0.003382,0.003601,0.000678,0.119357,0.024642,0.018560,0.005294
img_02291.jpg,0.941904,0.015887,0.003206,0.000209,0.027390,0.001216,0.000340,0.009849
img_02299.jpg,0.659523,0.054016,0.001255,0.034826,0.017536,0.102609,0.011807,0.118428
img_02305.jpg,0.122705,0.090148,0.006156,0.012480,0.049608,0.482850,0.034840,0.201214
img_02307.jpg,0.393318,0.031699,0.002752,0.003894,0.010679,0.096888,0.067002,0.393769
img_02309.jpg,0.775907,0.050537,0.004210,0.000936,0.095477,0.013710,0.001548,0.057676
img_02318.jpg,0.186042,0.007675,0.011670,0.001430,0.249364,0.061695,0.002796,0.479329
img_02347.jpg,0.453731,0.062288,0.052780,0.001765,0.214967,0.027180,0.000953,0.186336
img_02356.jpg,0.350414,0.006416,0.061710,0.011902,0.067575,0.065366,0.075793,0.360823
img_02367.jpg,0.759962,0.014372,0.000956,0.013464,0.157965,0.033514,0.007412,0.012356
img_02372.jpg,0.023865,0.004344,0.008877,0.001360,0.922274,0.031159,0.001294,0.006828
img_02379.jpg,0.802320,0.006877,0.014071,0.003530,0.027283,0.009568,0.016481,0.119871
img_02384.jpg,0.371282,0.034559,0.001374,0.001465,0.010346,0.066722,0.115069,0.399183
img_02398.jpg,0.330437,0.018658,0.012658,0.115869,0.004950,0.333738,0.003293,0.180397
img_02400.jpg,0.439606,0.023781,0.073110,0.004856,0.072487,0.201022,0.002058,0.183080
img_02406.jpg,0.372850,0.029941,0.012262,0.145570,0.062468,0.342516,0.005383,0.029010
img_02412.jpg,0.582225,0.005106,0.002883,0.000356,0.138850,0.006156,0.002139,0.262285
img_02416.jpg,0.207861,0.433885,0.104150,0.001955,0.038402,0.043668,0.002973,0.167107
img_02422.jpg,0.230727,0.024922,0.004248,0.003952,0.003144,0.159748,0.157243,0.416015
img_02479.jpg,0.097046,0.015663,0.003992,0.001594,0.852259,0.007819,0.012024,0.009604
img_02486.jpg,0.527893,0.028579,0.028139,0.005951,0.014551,0.124100,0.002241,0.268547
img_02487.jpg,0.740445,0.009539,0.003297,0.000562,0.113410,0.003748,0.003856,0.125143
img_02507.jpg,0.431492,0.006306,0.193175,0.023097,0.052211,0.164562,0.012382,0.116775
img_02522.jpg,0.437533,0.130278,0.004846,0.073718,0.214425,0.100410,0.003907,0.034882
img_02540.jpg,0.276618,0.015473,0.154076,0.027263,0.096644,0.350260,0.009088,0.070578
img_02546.jpg,0.346076,0.022292,0.008365,0.001190,0.051613,0.015239,0.000806,0.554419
img_02556.jpg,0.605694,0.017768,0.006842,0.002321,0.007787,0.039256,0.050693,0.269639
img_02560.jpg,0.217912,0.065027,0.001958,0.021394,0.583455,0.029138,0.003915,0.077202
img_02563.jpg,0.032329,0.002904,0.006237,0.001006,0.923820,0.021930,0.000820,0.010953
img_02565.jpg,0.417306,0.030680,0.013430,0.004312,0.012589,0.104771,0.099744,0.317168
img_02573.jpg,0.221486,0.583308,0.113892,0.001301,0.007872,0.021844,0.001888,0.048409
img_02574.jpg,0.461265,0.018950,0.000630,0.003491,0.435649,0.040502,0.000898,0.038615
img_02602.jpg,0.734702,0.098134,0.001034,0.003727,0.012078,0.054174,0.000796,0.095356
img_02607.jpg,0.224766,0.025476,0.017472,0.038359,0.140263,0.149335,0.032667,0.371663
img_02622.jpg,0.636504,0.013476,0.003025,0.000844,0.012856,0.050896,0.064551,0.217847
img_02625.jpg,0.478818,0.030996,0.006922,0.005310,0.028852,0.276182,0.032362,0.140558
img_02636.jpg,0.301166,0.122440,0.013768,0.002003,0.109466,0.006002,0.003453,0.441702
img_02638.jpg,0.671394,0.021324,0.007237,0.009054,0.003401,0.129515,0.002750,0.155324
img_02641.jpg,0.878652,0.017416,0.002562,0.000851,0.017704,0.045203,0.000624,0.036989
img_02646.jpg,0.106680,0.012444,0.003550,0.022249,0.069521,0.264574,0.026505,0.494477
img_02648.jpg,0.199637,0.107304,0.053023,0.003687,0.025795,0.113228,0.005149,0.492176
img_02651.jpg,0.700926,0.002883,0.014872,0.000256,0.186528,0.004828,0.002674,0.087034
img_02656.jpg,0.442705,0.088199,0.005895,0.243266,0.008590,0.082062,0.004817,0.124466
img_02666.jpg,0.783738,0.006655,0.002952,0.000471,0.123487,0.002199,0.001716,0.078783
img_02679.jpg,0.522668,0.102930,0.004913,0.005912,0.334533,0.003091,0.000344,0.025610
img_02687.jpg,0.097267,0.005262,0.014584,0.002539,0.225139,0.049388,0.001826,0.603995
img_02699.jpg,0.583980,0.036648,0.002616,0.001713,0.105929,0.045758,0.073361,0.149995
img_02702.jpg,0.933069,0.002547,0.002994,0.000294,0.019186,0.000495,0.001130,0.040286
img_02703.jpg,0.115439,0.004468,0.058007,0.009592,0.039165,0.031342,0.075819,0.666167
img_02709.jpg,0.807963,0.027631,0.010767,0.013273,0.040195,0.037123,0.002085,0.060964
img_02726.jpg,0.334215,0.005777,0.046708,0.003062,0.572401,0.013000,0.002072,0.022763
img_02733.jpg,0.671222,0.048318,0.028037,0.024798,0.047129,0.148554,0.000533,0.031409
img_02734.jpg,0.603793,0.047230,0.001897,0.005991,0.082666,0.162718,0.002612,0.093094
img_02739.jpg,0.881951,0.028269,0.002232,0.000496,0.040692,0.003835,0.000632,0.041893
img_02749.jpg,0.629673,0.013447,0.003765,0.041986,0.061951,0.216116,0.002883,0.030179
img_02759.jpg,0.163590,0.121571,0.050757,0.003257,0.014748,0.108800,0.001083,0.536195
img_02764.jpg,0.842374,0.010332,0.000774,0.000333,0.104747,0.031596,0.000984,0.008859
img_02766.jpg,0.944229,0.013934,0.003401,0.000132,0.021298,0.001136,0.000798,0.015072
img_02769.jpg,0.161088,0.103277,0.054121,0.003323,0.010202,0.147620,0.000900,0.519469
img_02771.jpg,0.864867,0.036527,0.002388,0.009994,0.001275,0.022491,0.000673,0.061785
img_02789.jpg,0.370735,0.005697,0.018037,0.002058,0.437634,0.018958,0.116882,0.030000
img_02799.jpg,0.885424,0.029573,0.002112,0.000974,0.030401,0.004848,0.003116,0.043552
img_02808.jpg,0.719971,0.023877,0.014340,0.051698,0.009870,0.071858,0.000830,0.107556
img_02811.jpg,0.611405,0.008144,0.007201,0.050222,0.077183,0.223309,0.002594,0.019943
img_02830.jpg,0.169014,0.033230,0.006545,0.008423,0.010150,0.134709,0.313579,0.324351
img_02834.jpg,0.598551,0.039087,0.005114,0.001152,0.008425,0.088245,0.051163,0.208263
img_02837.jpg,0.310706,0.198982,0.012695,0.010625,0.049379,0.046122,0.035095,0.336397
img_02838.jpg,0.684196,0.093944,0.020396,0.003613,0.050199,0.084279,0.002424,0.060948
img_02842.jpg,0.303259,0.021357,0.003790,0.004019,0.040983,0.491994,0.050118,0.084480
img_02857.jpg,0.556505,0.201682,0.015635,0.001028,0.142000,0.009962,0.001345,0.071844
img_02865.jpg,0.052789,0.002572,0.000211,0.000097,0.916733,0.003238,0.000332,0.024027
img_02871.jpg,0.134300,0.026170,0.003146,0.004936,0.005803,0.084923,0.318906,0.421816
img_02876.jpg,0.038110,0.006384,0.106593,0.001126,0.023605,0.013317,0.003488,0.807376
img_02889.jpg,0.800465,0.027975,0.009181,0.013705,0.034490,0.048377,0.001981,0.063825
img_02890.jpg,0.533022,0.021897,0.006837,0.088541,0.034864,0.285410,0.004129,0.025301
img_02899.jpg,0.757095,0.025338,0.004754,0.081561,0.035461,0.068539,0.000831,0.026419
img_02904.jpg,0.909816,0.006720,0.005462,0.002806,0.010291,0.038471,0.000846,0.025588
img_02911.jpg,0.181734,0.129141,0.014559,0.031352,0.404391,0.202280,0.005711,0.030833
img_02916.jpg,0.799405,0.017223,0.008301,0.002182,0.105951,0.040852,0.000448,0.025637
img_02920.jpg,0.946802,0.014221,0.000770,0.002035,0.001967,0.023878,0.000439,0.009888
img_02943.jpg,0.791729,0.011640,0.002381,0.048724,0.006856,0.099423,0.001129,0.038119
img_02949.jpg,0.548954,0.027538,0.015172,0.015352,0.186484,0.086063,0.001456,0.118982
img_02954.jpg,0.358605,0.010849,0.018989,0.000744,0.119680,0.119201,0.009042,0.362891
img_02956.jpg,0.521098,0.038165,0.017248,0.001843,0.012690,0.013066,0.004388,0.391503
img_02964.jpg,0.010336,0.015975,0.072991,0.000493,0.000602,0.007092,0.000690,0.891821
img_02974.jpg,0.441241,0.055638,0.015544,0.001151,0.067100,0.006480,0.006340,0.406506
img_02977.jpg,0.660748,0.111245,0.001526,0.000799,0.131405,0.006412,0.000553,0.087311
img_02993.jpg,0.181614,0.061949,0.070978,0.001705,0.007087,0.076025,0.007919,0.592724
img_03014.jpg,0.018489,0.002530,0.001982,0.000203,0.891840,0.033318,0.000702,0.050936
img_03043.jpg,0.159051,0.104800,0.027863,0.003424,0.023034,0.095054,0.011417,0.575356
img_03055.jpg,0.612960,0.073775,0.005575,0.067832,0.005229,0.037842,0.002892,0.193896
img_03064.jpg,0.577235,0.015099,0.015283,0.002076,0.087341,0.041545,0.072728,0.188694
img_03069.jpg,0.433944,0.042895,0.005276,0.013304,0.024832,0.094875,0.107966,0.276908
img_03074.jpg,0.896954,0.055371,0.002295,0.014335,0.005556,0.007447,0.001012,0.017030
img_03078.jpg,0.737270,0.077856,0.010026,0.010380,0.003426,0.028748,0.002816,0.129479
img_03080.jpg,0.789514,0.006166,0.003871,0.001005,0.085258,0.003907,0.002993,0.107285
img_03082.jpg,0.478030,0.348288,0.005813,0.008602,0.016649,0.016360,0.001024,0.125234
img_03087.jpg,0.177346,0.044580,0.001337,0.004220,0.696561,0.038009,0.005916,0.032032
img_03116.jpg,0.306594,0.016738,0.002024,0.000121,0.437215,0.002718,0.001352,0.233237
img_03128.jpg,0.734568,0.015913,0.005288,0.000780,0.005982,0.042282,0.080473,0.114714
img_03135.jpg,0.710365,0.017498,0.002765,0.001119,0.011696,0.029286,0.034265,0.193006
img_03140.jpg,0.735973,0.049426,0.001631,0.005109,0.016520,0.087850,0.001778,0.101712
img_03166.jpg,0.644391,0.019503,0.008049,0.000740,0.213971,0.052885,0.027985,0.032477
img_03169.jpg,0.039239,0.084438,0.353479,0.004250,0.018266,0.009259,0.002023,0.489046
img_03181.jpg,0.410381,0.141571,0.005778,0.004342,0.033762,0.356619,0.001616,0.045932
img_03195.jpg,0.452373,0.051466,0.003212,0.001989,0.007690,0.105599,0.057373,0.320298
img_03199.jpg,0.699549,0.016320,0.008418,0.002101,0.014333,0.019824,0.127963,0.111492
img_03210.jpg,0.083036,0.070429,0.091764,0.001400,0.010836,0.024710,0.003157,0.714667
img_03220.jpg,0.708065,0.035618,0.001036,0.009137,0.152725,0.067986,0.003989,0.021444
img_03222.jpg,0.652382,0.098687,0.001660,0.027808,0.021283,0.141255,0.001910,0.055016
img_03223.jpg,0.470544,0.145002,0.012214,0.010892,0.031344,0.066522,0.041074,0.222408
img_03228.jpg,0.433442,0.081956,0.005214,0.177125,0.013409,0.105215,0.000456,0.183183
img_03229.jpg,0.487365,0.032893,0.007035,0.001965,0.003182,0.099144,0.140252,0.228164
img_03231.jpg,0.701220,0.027213,0.014936,0.019188,0.045277,0.045247,0.001073,0.145846
img_03238.jpg,0.366105,0.043479,0.006055,0.002184,0.014672,0.166176,0.106255,0.295074
img_03239.jpg,0.017786,0.072464,0.001720,0.001904,0.055398,0.002902,0.845281,0.002545
img_03252.jpg,0.926371,0.012994,0.004413,0.000267,0.037839,0.001484,0.000503,0.016130
img_03254.jpg,0.209009,0.012787,0.005646,0.002662,0.037397,0.607698,0.032817,0.091985
img_03260.jpg,0.546993,0.035954,0.045850,0.018908,0.032146,0.207455,0.004667,0.108026
img_03261.jpg,0.607262,0.100397,0.061180,0.005407,0.081381,0.079215,0.001681,0.063476
img_03270.jpg,0.260570,0.002923,0.028618,0.003667,0.016767,0.037183,0.040207,0.610067
img_03283.jpg,0.251976,0.085118,0.008350,0.029569,0.006637,0.081994,0.008636,0.527721
img_03290.jpg,0.494725,0.016593,0.012335,0.001294,0.008196,0.032692,0.018517,0.415648
img_03297.jpg,0.923995,0.005720,0.001037,0.002204,0.034650,0.006888,0.000570,0.024936
img_03310.jpg,0.580666,0.052054,0.001869,0.012391,0.046798,0.246345,0.000988,0.058890
img_03312.jpg,0.633965,0.088251,0.002185,0.010274,0.007274,0.133170,0.004351,0.120529
img_03324.jpg,0.056349,0.054690,0.158464,0.003020,0.002027,0.014136,0.002629,0.708684
img_03333.jpg,0.564895,0.042725,0.007583,0.003873,0.013664,0.169704,0.103418,0.094138
img_03342.jpg,0.576245,0.026487,0.002557,0.001159,0.010217,0.060824,0.058644,0.263866
img_03346.jpg,0.604354,0.137502,0.009504,0.020483,0.009306,0.143502,0.002750,0.072600
img_03355.jpg,0.264677,0.020477,0.007094,0.002240,0.004155,0.017848,0.085565,0.597944
img_03361.jpg,0.427341,0.416597,0.005759,0.009279,0.029641,0.023328,0.008039,0.080015
img_03370.jpg,0.741133,0.010608,0.001716,0.001156,0.001636,0.055927,0.040295,0.147530
img_03399.jpg,0.775207,0.090115,0.001549,0.012254,0.054467,0.049875,0.002179,0.014354
img_03410.jpg,0.597092,0.068424,0.004042,0.000708,0.280756,0.001884,0.000548,0.046546
img_03422.jpg,0.659795,0.031895,0.025204,0.097609,0.021962,0.086653,0.001812,0.075069
img_03426.jpg,0.773807,0.010962,0.004683,0.001748,0.103988,0.011473,0.005425,0.087914
img_03439.jpg,0.638574,0.021264,0.005391,0.074734,0.052432,0.166946,0.001320,0.039340
img_03440.jpg,0.039901,0.029051,0.126185,0.000912,0.002196,0.008315,0.001722,0.791718
img_03444.jpg,0.503092,0.206850,0.021851,0.010216,0.032967,0.080310,0.027923,0.116789
img_03445.jpg,0.333869,0.007259,0.004720,0.001030,0.589941,0.003644,0.003731,0.055806
img_03446.jpg,0.048292,0.067754,0.370516,0.002276,0.010533,0.017769,0.002583,0.480276
img_03452.jpg,0.189495,0.689982,0.006333,0.002886,0.020911,0.027068,0.008140,0.055186
img_03454.jpg,0.869868,0.001071,0.004429,0.000490,0.106215,0.005709,0.005222,0.006996
img_03456.jpg,0.022092,0.004961,0.002124,0.000336,0.898025,0.044060,0.000877,0.027526
img_03457.jpg,0.761859,0.029031,0.010401,0.001628,0.052269,0.079843,0.000795,0.064174
img_03471.jpg,0.486529,0.080812,0.041814,0.074714,0.044718,0.042601,0.020957,0.207856
img_03475.jpg,0.617131,0.003437,0.002229,0.000254,0.256458,0.004542,0.000227,0.115723
img_03488.jpg,0.756061,0.063918,0.002794,0.015472,0.003386,0.102263,0.002670,0.053434
img_03490.jpg,0.247870,0.528635,0.063061,0.002535,0.034257,0.030009,0.002632,0.091000
img_03502.jpg,0.626992,0.024840,0.001588,0.001319,0.015565,0.043918,0.088409,0.197369
img_03504.jpg,0.513899,0.163403,0.010721,0.004880,0.026791,0.236259,0.002092,0.041956
img_03520.jpg,0.532583,0.048841,0.030551,0.006572,0.097515,0.093924,0.001594,0.188420
img_03527.jpg,0.062889,0.052708,0.109750,0.000713,0.008862,0.018120,0.001151,0.745807
img_03547.jpg,0.927297,0.026874,0.001459,0.009497,0.002634,0.027383,0.000835,0.004020
img_03548.jpg,0.528722,0.031093,0.007563,0.010149,0.023014,0.105911,0.092458,0.201090
img_03554.jpg,0.786723,0.035561,0.005762,0.002078,0.062017,0.009357,0.004803,0.093698
img_03563.jpg,0.230929,0.250072,0.004876,0.018816,0.043181,0.030081,0.002497,0.419547
img_03581.jpg,0.676816,0.017669,0.004502,0.051887,0.049136,0.160330,0.002370,0.037290
img_03584.jpg,0.048173,0.003391,0.016270,0.000395,0.255626,0.002972,0.006338,0.666835
img_03587.jpg,0.393204,0.041690,0.006453,0.002714,0.012984,0.060690,0.046808,0.435458
img_03588.jpg,0.348726,0.032329,0.003624,0.005980,0.048760,0.370040,0.086433,0.104108
img_03602.jpg,0.320352,0.022182,0.003646,0.002417,0.023795,0.510269,0.020663,0.096676
img_03627.jpg,0.942257,0.014465,0.003640,0.000149,0.024451,0.001750,0.000475,0.012813
img_03628.jpg,0.963119,0.001040,0.001396,0.000401,0.016967,0.000822,0.000479,0.015776
img_03652.jpg,0.863667,0.010513,0.000673,0.000267,0.090737,0.020330,0.000507,0.013305
img_03670.jpg,0.647580,0.003428,0.010386,0.001114,0.272728,0.019042,0.026969,0.018755
img_03674.jpg,0.424631,0.028213,0.007420,0.026698,0.323772,0.045843,0.007325,0.136097
img_03677.jpg,0.853735,0.014085,0.006309,0.038280,0.004174,0.025562,0.002737,0.055118
img_03711.jpg,0.606000,0.072928,0.021654,0.004787,0.029330,0.090740,0.003817,0.170743
img_03715.jpg,0.298448,0.069912,0.006141,0.060886,0.174092,0.311880,0.006888,0.071753
img_03718.jpg,0.578987,0.014630,0.007881,0.091755,0.076197,0.186683,0.001730,0.042137
img_03726.jpg,0.101778,0.076524,0.002583,0.012999,0.040275,0.592376,0.025220,0.148246
img_03739.jpg,0.054383,0.043329,0.054811,0.002229,0.003759,0.080724,0.006138,0.754626
img_03749.jpg,0.197150,0.036994,0.005422,0.005637,0.026608,0.136120,0.076322,0.515747
img_03750.jpg,0.476554,0.019896,0.008918,0.002438,0.020602,0.138877,0.115757,0.216957
img_03760.jpg,0.227615,0.047527,0.008331,0.006820,0.036402,0.205403,0.158377,0.309526
img_03764.jpg,0.907841,0.021915,0.011721,0.002212,0.001250,0.021307,0.002386,0.031367
img_03776.jpg,0.477174,0.010373,0.023497,0.003098,0.290706,0.002505,0.001289,0.191359
img_03801.jpg,0.715996,0.009444,0.005867,0.000802,0.087638,0.011011,0.003598,0.165644
img_03805.jpg,0.747117,0.017453,0.003557,0.064787,0.005684,0.039710,0.004342,0.117350
img_03809.jpg,0.272907,0.386740,0.005982,0.007329,0.054161,0.017365,0.011850,0.243665
img_03825.jpg,0.921464,0.027180,0.001505,0.006940,0.004726,0.022180,0.001094,0.014911
