image,ALB,BET,DOL,LAG,NoF,OTHER,SHARK,YFT
img_00005.jpg,0.045447,0.000358,0.001230,0.000056,0.950071,0.001516,0.000516,0.000806
img_00007.jpg,0.282994,0.168024,0.002802,0.015534,0.031398,0.092037,0.003758,0.403454
img_00009.jpg,0.587273,0.048973,0.005713,0.001951,0.026379,0.281448,0.003932,0.044330
img_00018.jpg,0.835581,0.007368,0.011271,0.009008,0.001965,0.062298,0.001292,0.071216
img_00027.jpg,0.704232,0.032359,0.000298,0.000536,0.004751,0.088475,0.042343,0.127005
img_00030.jpg,0.084196,0.006844,0.000381,0.000164,0.878837,0.000410,0.003410,0.025758
img_00040.jpg,0.473872,0.042116,0.002235,0.002146,0.007276,0.102673,0.163771,0.205910
img_00046.jpg,0.844130,0.000949,0.000385,0.000027,0.146531,0.001805,0.002562,0.003612
img_00053.jpg,0.956927,0.002443,0.005359,0.001805,0.008900,0.007900,0.000387,0.016280
img_00071.jpg,0.065291,0.003196,0.000606,0.846118,0.021418,0.056758,0.004836,0.001777
img_00075.jpg,0.275163,0.084114,0.002819,0.002963,0.024564,0.569424,0.000625,0.040327
img_00102.jpg,0.167270,0.057308,0.002162,0.001685,0.003597,0.177715,0.032918,0.557345
img_00103.jpg,0.665783,0.007794,0.009647,0.031509,0.005395,0.177593,0.000608,0.101671
img_00109.jpg,0.703630,0.002029,0.000819,0.000009,0.277739,0.001319,0.003995,0.010460
img_00119.jpg,0.022149,0.018584,0.000402,0.000111,0.672634,0.002550,0.000087,0.283483
img_00120.jpg,0.196499,0.016393,0.002526,0.000449,0.009340,0.021693,0.098931,0.654170
img_00125.jpg,0.424010,0.021765,0.003685,0.003918,0.006867,0.073532,0.008216,0.458007
img_00128.jpg,0.009862,0.063311,0.136216,0.000164,0.002910,0.006865,0.000400,0.780272
img_00129.jpg,0.531302,0.092429,0.006782,0.004308,0.006511,0.087902,0.085746,0.185020
img_00133.jpg,0.264034,0.020228,0.000384,0.015586,0.475466,0.183169,0.001788,0.039346
img_00138.jpg,0.737782,0.026291,0.008577,0.004351,0.075276,0.019687,0.002616,0.125421
img_00141.jpg,0.017057,0.016865,0.128396,0.000368,0.002261,0.010642,0.002270,0.822141
img_00152.jpg,0.099365,0.005376,0.002900,0.002855,0.000610,0.038365,0.001690,0.848840
img_00161.jpg,0.004473,0.003563,0.000621,0.000023,0.007039,0.131689,0.000284,0.852308
img_00164.jpg,0.002158,0.001809,0.001515,0.000091,0.778654,0.052737,0.001744,0.161292
img_00170.jpg,0.687506,0.009165,0.002540,0.038539,0.061300,0.174880,0.000743,0.025326
img_00171.jpg,0.226425,0.004131,0.003507,0.045181,0.027296,0.667191,0.000709,0.025561
img_00172.jpg,0.041653,0.000548,0.001156,0.000091,0.949580,0.002531,0.000402,0.004038
img_00175.jpg,0.268586,0.005215,0.001671,0.057427,0.027024,0.625507,0.001642,0.012928
img_00180.jpg,0.415660,0.001057,0.001968,0.000418,0.014932,0.019627,0.008302,0.538036
img_00196.jpg,0.019632,0.015522,0.000271,0.000091,0.846013,0.003031,0.000116,0.115324
img_00212.jpg,0.255662,0.000650,0.000327,0.000172,0.029348,0.004696,0.003258,0.705887
img_00223.jpg,0.647956,0.012880,0.130506,0.004648,0.008991,0.125162,0.000961,0.068896
img_00230.jpg,0.757318,0.068156,0.006456,0.001390,0.000493,0.019525,0.001630,0.145033
img_00232.jpg,0.028392,0.096767,0.001282,0.000645,0.015685,0.002134,0.843417,0.011678
img_00244.jpg,0.601075,0.151117,0.000394,0.002268,0.006120,0.077486,0.003796,0.157745
img_00272.jpg,0.534456,0.196955,0.136496,0.001329,0.005041,0.032408,0.000788,0.092527
img_00280.jpg,0.577144,0.005338,0.007820,0.000567,0.348704,0.031027,0.000095,0.029303
img_00282.jpg,0.203777,0.004470,0.002488,0.027075,0.028246,0.721627,0.000993,0.011326
img_00285.jpg,0.455364,0.055689,0.004593,0.002498,0.033369,0.018382,0.126309,0.303795
img_00289.jpg,0.651885,0.015227,0.001570,0.000107,0.250623,0.039063,0.000089,0.041436
img_00292.jpg,0.553341,0.077886,0.000692,0.002266,0.008324,0.056724,0.019897,0.280870
img_00302.jpg,0.440364,0.050988,0.001958,0.001733,0.007593,0.065808,0.128148,0.303408
img_00311.jpg,0.940813,0.013669,0.000294,0.000018,0.032155,0.001423,0.000252,0.011377
img_00320.jpg,0.966757,0.007324,0.004658,0.000015,0.009238,0.000412,0.000261,0.011335
img_00331.jpg,0.346063,0.027115,0.001886,0.001187,0.010388,0.231540,0.056742,0.325078
img_00358.jpg,0.319230,0.012187,0.000342,0.001916,0.002830,0.380387,0.045108,0.237999
img_00374.jpg,0.615381,0.010385,0.004006,0.001975,0.000912,0.066492,0.000383,0.300467
img_00375.jpg,0.200382,0.063800,0.046454,0.003861,0.375432,0.257635,0.000620,0.051816
img_00376.jpg,0.593103,0.004511,0.002235,0.000291,0.012562,0.023674,0.064531,0.299093
img_00380.jpg,0.792254,0.008160,0.003441,0.001277,0.065772,0.114958,0.001280,0.012858
img_00383.jpg,0.938892,0.017364,0.000487,0.000095,0.014903,0.001277,0.000959,0.026023
img_00398.jpg,0.516538,0.004656,0.000186,0.000023,0.404333,0.018953,0.009027,0.046284
img_00407.jpg,0.817152,0.009085,0.007159,0.035657,0.013183,0.065900,0.000356,0.051508
img_00417.jpg,0.406023,0.000480,0.000730,0.000147,0.037495,0.005587,0.001913,0.547624
img_00432.jpg,0.284405,0.031072,0.089061,0.013989,0.112966,0.441586,0.002080,0.024841
img_00442.jpg,0.016713,0.014126,0.027498,0.000101,0.001870,0.075078,0.001224,0.863391
img_00446.jpg,0.884812,0.007077,0.000190,0.001426,0.043468,0.055022,0.000567,0.007438
img_00469.jpg,0.762296,0.039670,0.001021,0.004100,0.035171,0.074854,0.003603,0.079286
img_00473.jpg,0.937864,0.000426,0.001661,0.000120,0.014202,0.001328,0.000954,0.043446
img_00483.jpg,0.811652,0.004623,0.000439,0.000023,0.043622,0.000452,0.000999,0.138190
img_00484.jpg,0.549863,0.048204,0.000793,0.002320,0.061687,0.128000,0.007343,0.201789
img_00486.jpg,0.827407,0.024220,0.030420,0.013868,0.039282,0.042413,0.001206,0.021184
img_00487.jpg,0.016738,0.002003,0.000480,0.000529,0.959985,0.001453,0.012555,0.006258
img_00493.jpg,0.252549,0.027076,0.002471,0.005606,0.571515,0.082621,0.005112,0.053049
img_00518.jpg,0.865034,0.000260,0.000794,0.000087,0.105047,0.010205,0.012406,0.006166
img_00533.jpg,0.273679,0.034268,0.000762,0.002179,0.008635,0.071801,0.129768,0.478908
img_00538.jpg,0.666235,0.018977,0.006115,0.019856,0.041674,0.069009,0.000741,0.177393
img_00543.jpg,0.942357,0.017130,0.000481,0.000034,0.027924,0.001457,0.000240,0.010376
img_00550.jpg,0.408187,0.023509,0.180290,0.007991,0.061065,0.288117,0.002089,0.028751
img_00551.jpg,0.661066,0.004630,0.004866,0.032933,0.094841,0.168729,0.000537,0.032398
img_00564.jpg,0.017437,0.006292,0.001771,0.000855,0.880233,0.087206,0.000297,0.005909
img_00575.jpg,0.397742,0.035406,0.000471,0.000805,0.004928,0.090557,0.048146,0.421944
img_00582.jpg,0.490146,0.018666,0.001251,0.000320,0.071021,0.352906,0.000871,0.064820
img_00584.jpg,0.941226,0.000800,0.000152,0.000029,0.051004,0.000348,0.000167,0.006274
img_00587.jpg,0.583230,0.020477,0.000380,0.000446,0.004962,0.062675,0.019172,0.308658
img_00590.jpg,0.648535,0.028904,0.004799,0.000557,0.018041,0.023466,0.060638,0.215059
img_00591.jpg,0.442301,0.026285,0.005359,0.000179,0.004729,0.013594,0.005648,0.501904
img_00598.jpg,0.861106,0.002972,0.002727,0.002186,0.000436,0.043007,0.000409,0.087157
img_00599.jpg,0.435021,0.019562,0.001069,0.000407,0.004091,0.034357,0.200816,0.304679
img_00612.jpg,0.477144,0.041304,0.000609,0.002227,0.013376,0.318396,0.040383,0.106563
img_00618.jpg,0.591523,0.001089,0.000392,0.000044,0.391836,0.005647,0.000129,0.009339
img_00620.jpg,0.944813,0.002571,0.002019,0.001819,0.019892,0.005108,0.000475,0.023302
img_00642.jpg,0.170530,0.021279,0.008687,0.750619,0.002030,0.022099,0.005524,0.019232
img_00646.jpg,0.111760,0.032509,0.025796,0.000165,0.000889,0.026880,0.001129,0.800872
img_00648.jpg,0.947294,0.022939,0.000306,0.000030,0.016490,0.001449,0.000290,0.011202
img_00650.jpg,0.511888,0.052133,0.005613,0.004676,0.057881,0.151815,0.117709,0.098285
img_00654.jpg,0.650863,0.036888,0.050196,0.005091,0.084544,0.040228,0.005070,0.127119
img_00664.jpg,0.963617,0.003283,0.001555,0.000073,0.016354,0.000174,0.001319,0.013625
img_00667.jpg,0.039458,0.006313,0.000095,0.000048,0.847188,0.001964,0.000231,0.104703
img_00676.jpg,0.025918,0.026246,0.000899,0.000172,0.685298,0.010241,0.000126,0.251100
img_00697.jpg,0.009341,0.019805,0.115901,0.000432,0.001750,0.010022,0.001393,0.841357
img_00708.jpg,0.272363,0.059027,0.001470,0.003061,0.012470,0.145182,0.185719,0.320708
img_00716.jpg,0.074860,0.059109,0.000644,0.003285,0.003925,0.058052,0.216351,0.583774
img_00717.jpg,0.832594,0.047909,0.001763,0.021844,0.012805,0.054588,0.001460,0.027036
img_00718.jpg,0.722457,0.003257,0.002932,0.049462,0.058461,0.125981,0.001197,0.036252
img_00723.jpg,0.443259,0.024771,0.000190,0.000109,0.492022,0.002588,0.001502,0.035558
img_00724.jpg,0.500029,0.002252,0.003356,0.003436,0.047601,0.015465,0.257318,0.170543
img_00726.jpg,0.882262,0.001381,0.000598,0.000108,0.014402,0.006834,0.059894,0.034520
img_00729.jpg,0.649427,0.000568,0.001104,0.000091,0.315959,0.010427,0.006432,0.015992
img_00730.jpg,0.366215,0.008092,0.001534,0.000356,0.019919,0.028819,0.093301,0.481764
img_00757.jpg,0.906959,0.007387,0.012198,0.008772,0.016738,0.014098,0.000817,0.033032
img_00760.jpg,0.300888,0.043615,0.021088,0.485290,0.035578,0.059740,0.005450,0.048350
img_00763.jpg,0.007278,0.002554,0.000073,0.000001,0.890717,0.000011,0.000008,0.099357
img_00764.jpg,0.139008,0.023962,0.009128,0.000020,0.084957,0.012223,0.000382,0.730319
img_00765.jpg,0.155548,0.090717,0.000889,0.026286,0.025014,0.651059,0.003707,0.046780
img_00772.jpg,0.075620,0.029218,0.157279,0.000153,0.004365,0.008388,0.000440,0.724536
img_00773.jpg,0.575486,0.034032,0.075292,0.009704,0.044083,0.250309,0.001431,0.009664
img_00777.jpg,0.778648,0.146592,0.000443,0.001866,0.017607,0.036706,0.001770,0.016367
img_00780.jpg,0.109348,0.059814,0.020650,0.000443,0.001407,0.129089,0.001643,0.677605
img_00798.jpg,0.754293,0.038492,0.002491,0.011466,0.010435,0.051246,0.003113,0.128465
img_00808.jpg,0.942847,0.007090,0.000926,0.000803,0.000574,0.010451,0.000096,0.037212
img_00816.jpg,0.924362,0.002822,0.000368,0.000057,0.030724,0.000576,0.000245,0.040847
img_00828.jpg,0.005003,0.002925,0.000639,0.000046,0.979939,0.007197,0.000364,0.003888
img_00833.jpg,0.199603,0.042964,0.001003,0.001491,0.007077,0.288331,0.177214,0.282317
img_00837.jpg,0.581368,0.019994,0.007574,0.001941,0.001685,0.132552,0.000683,0.254203
img_00855.jpg,0.473074,0.056824,0.005967,0.008151,0.161441,0.040081,0.009362,0.245100
img_00857.jpg,0.933241,0.022072,0.004689,0.000023,0.021686,0.002123,0.000369,0.015798
img_00858.jpg,0.856137,0.006286,0.000249,0.000208,0.091400,0.023834,0.000059,0.021826
img_00865.jpg,0.688912,0.073294,0.005295,0.005319,0.000534,0.115308,0.001670,0.109668
img_00876.jpg,0.046954,0.055287,0.000690,0.000146,0.551021,0.006014,0.000212,0.339675
img_00889.jpg,0.109550,0.130365,0.082249,0.000396,0.008749,0.088475,0.000655,0.579561
img_00894.jpg,0.826055,0.006133,0.008073,0.000177,0.062555,0.006717,0.000104,0.090187
img_00902.jpg,0.039820,0.144816,0.001185,0.000856,0.024317,0.001687,0.781161,0.006159
img_00914.jpg,0.134944,0.020332,0.056594,0.000051,0.168315,0.022040,0.001500,0.596225
img_00921.jpg,0.770496,0.008118,0.001726,0.000559,0.004541,0.031519,0.011866,0.171175
img_00927.jpg,0.746621,0.015602,0.006422,0.000546,0.024088,0.030975,0.013685,0.162061
img_00943.jpg,0.751156,0.004048,0.000996,0.000027,0.032062,0.000882,0.003538,0.207291
img_00948.jpg,0.454315,0.010045,0.012133,0.002145,0.297674,0.028754,0.000214,0.194720
img_00950.jpg,0.497276,0.009648,0.014201,0.000688,0.444931,0.013049,0.000402,0.019804
img_00959.jpg,0.823686,0.013262,0.000176,0.000278,0.116203,0.013363,0.002196,0.030837
img_00962.jpg,0.017560,0.022125,0.058855,0.000307,0.004851,0.004732,0.001138,0.890431
img_00964.jpg,0.072350,0.113978,0.533006,0.000247,0.003613,0.016392,0.001209,0.259206
img_00966.jpg,0.488578,0.021457,0.002594,0.000237,0.178767,0.001011,0.010232,0.297124
img_00974.jpg,0.647804,0.039978,0.003817,0.178410,0.009663,0.060544,0.002486,0.057298
img_00979.jpg,0.050365,0.055558,0.074209,0.001376,0.000525,0.019552,0.009035,0.789380
img_00982.jpg,0.214992,0.659272,0.054331,0.000222,0.005069,0.014191,0.000689,0.051234
img_00985.jpg,0.458119,0.083099,0.000710,0.001711,0.006381,0.036289,0.018231,0.395460
img_00999.jpg,0.853551,0.003292,0.000668,0.000086,0.000810,0.016860,0.011121,0.113612
img_01022.jpg,0.688788,0.008197,0.000455,0.084375,0.062645,0.066768,0.001637,0.087136
img_01031.jpg,0.814777,0.005250,0.006675,0.000532,0.131864,0.035776,0.000142,0.004984
img_01035.jpg,0.762946,0.151709,0.000392,0.002054,0.036726,0.033501,0.001066,0.011605
img_01043.jpg,0.211428,0.037362,0.003129,0.001622,0.642105,0.019599,0.006176,0.078580
img_01058.jpg,0.625185,0.056918,0.003495,0.000079,0.031326,0.001646,0.000399,0.280953
img_01059.jpg,0.572582,0.049919,0.001694,0.008062,0.015248,0.115160,0.081362,0.155974
img_01090.jpg,0.161769,0.072139,0.001149,0.000278,0.693532,0.004627,0.000089,0.066417
img_01102.jpg,0.461854,0.216285,0.035107,0.002261,0.034060,0.003271,0.000237,0.246924
img_01103.jpg,0.216039,0.325369,0.009257,0.007342,0.003399,0.006171,0.005959,0.426464
img_01116.jpg,0.921425,0.008953,0.006107,0.006284,0.002319,0.021205,0.000687,0.033020
img_01134.jpg,0.667977,0.003622,0.004681,0.021926,0.060010,0.217288,0.000446,0.024051
img_01142.jpg,0.846450,0.005375,0.001900,0.000490,0.019913,0.024608,0.000770,0.100493
img_01168.jpg,0.121885,0.176852,0.000944,0.014554,0.034589,0.606681,0.006096,0.038400
img_01171.jpg,0.021949,0.004854,0.000093,0.000002,0.752178,0.000010,0.000013,0.220902
img_01177.jpg,0.755428,0.013646,0.004670,0.002229,0.084097,0.048796,0.001334,0.089799
img_01179.jpg,0.922803,0.004325,0.000540,0.026859,0.013288,0.026608,0.000716,0.004861
img_01188.jpg,0.217853,0.070261,0.001030,0.031707,0.035210,0.589786,0.006458,0.047695
img_01198.jpg,0.372061,0.054737,0.018454,0.000551,0.265522,0.015934,0.000384,0.272358
img_01204.jpg,0.034944,0.006114,0.000059,0.000023,0.847490,0.000925,0.000152,0.110292
img_01208.jpg,0.441048,0.001415,0.002517,0.000075,0.545255,0.005624,0.000091,0.003975
img_01211.jpg,0.868501,0.009998,0.002652,0.000058,0.034910,0.001055,0.000671,0.082156
img_01213.jpg,0.803167,0.053542,0.008472,0.002808,0.004209,0.037189,0.000943,0.089670
img_01222.jpg,0.607462,0.078978,0.000990,0.038094,0.007770,0.028222,0.025371,0.213113
img_01224.jpg,0.037245,0.056823,0.275518,0.000573,0.000765,0.010893,0.003610,0.614574
img_01237.jpg,0.349504,0.013993,0.000445,0.000037,0.568990,0.011958,0.007883,0.047190
img_01249.jpg,0.297008,0.003824,0.092813,0.027718,0.546666,0.009013,0.001269,0.021689
img_01253.jpg,0.003957,0.004297,0.000497,0.000012,0.007596,0.102760,0.000293,0.880589
img_01286.jpg,0.375548,0.021763,0.000395,0.000844,0.495190,0.054982,0.002020,0.049259
img_01289.jpg,0.356283,0.069013,0.001995,0.007242,0.030328,0.152202,0.103007,0.279929
img_01325.jpg,0.347956,0.182623,0.004881,0.001522,0.351861,0.004933,0.000234,0.105989
img_01328.jpg,0.816194,0.023685,0.010479,0.005694,0.003579,0.068133,0.001529,0.070707
img_01366.jpg,0.219310,0.002472,0.001560,0.038714,0.014543,0.705915,0.001402,0.016084
img_01371.jpg,0.545525,0.009710,0.004813,0.000144,0.130197,0.003121,0.000043,0.306448
img_01373.jpg,0.501740,0.023955,0.074147,0.002036,0.184997,0.080766,0.000995,0.131362
img_01377.jpg,0.422282,0.014448,0.008153,0.006640,0.462901,0.026389,0.001015,0.058172
img_01379.jpg,0.764512,0.025214,0.008206,0.003325,0.016148,0.161590,0.001392,0.019613
img_01384.jpg,0.485164,0.023664,0.138386,0.006128,0.059578,0.252293,0.002356,0.032431
img_01388.jpg,0.372758,0.176380,0.006154,0.000750,0.023046,0.369508,0.001159,0.050247
img_01392.jpg,0.029085,0.145434,0.323843,0.000321,0.008304,0.015357,0.001369,0.476287
img_01399.jpg,0.013817,0.120666,0.062537,0.000385,0.009197,0.025261,0.007201,0.760937
img_01404.jpg,0.698148,0.040893,0.002716,0.118760,0.019007,0.014986,0.000255,0.105236
img_01405.jpg,0.946383,0.004950,0.000235,0.000623,0.004887,0.030996,0.000826,0.011100
img_01413.jpg,0.687865,0.034425,0.003410,0.015628,0.125648,0.058151,0.001860,0.073014
img_01426.jpg,0.194810,0.656152,0.002438,0.000047,0.001947,0.010151,0.005704,0.128751
img_01431.jpg,0.265620,0.043897,0.009360,0.576915,0.027012,0.030150,0.004909,0.042137
img_01441.jpg,0.055991,0.033810,0.027506,0.000082,0.113750,0.315973,0.001572,0.451317
img_01444.jpg,0.349359,0.029554,0.000886,0.000647,0.009395,0.356698,0.066297,0.187164
img_01490.jpg,0.014200,0.020774,0.530094,0.000282,0.001197,0.004977,0.001153,0.427323
img_01495.jpg,0.622236,0.013648,0.006951,0.000548,0.000230,0.062374,0.000290,0.293722
img_01505.jpg,0.014162,0.019609,0.000119,0.000007,0.834982,0.001511,0.000066,0.129546
img_01511.jpg,0.858989,0.018380,0.004627,0.002198,0.015759,0.089399,0.000889,0.009759
img_01519.jpg,0.402854,0.106502,0.001281,0.003794,0.011615,0.265148,0.042533,0.166273
img_01530.jpg,0.578328,0.008841,0.008584,0.000296,0.312156,0.015127,0.000140,0.076528
img_01537.jpg,0.683583,0.011984,0.005329,0.000480,0.068878,0.190813,0.000788,0.038144
img_01538.jpg,0.580697,0.024224,0.001338,0.000734,0.005570,0.326065,0.001419,0.059954
img_01541.jpg,0.007211,0.001148,0.000123,0.000029,0.987744,0.001560,0.000263,0.001921
img_01543.jpg,0.764474,0.000658,0.003741,0.000010,0.168881,0.001042,0.000443,0.060751
img_01548.jpg,0.901197,0.002171,0.000334,0.000051,0.059483,0.000586,0.000216,0.035961
img_01552.jpg,0.960623,0.009293,0.005611,0.000041,0.006804,0.000660,0.000353,0.016615
img_01561.jpg,0.034953,0.001910,0.001632,0.000160,0.952507,0.002266,0.000113,0.006459
img_01562.jpg,0.232929,0.008806,0.002239,0.000400,0.003137,0.011723,0.069933,0.670831
img_01571.jpg,0.476325,0.010049,0.003062,0.000035,0.023403,0.004338,0.013800,0.468988
img_01593.jpg,0.396317,0.031556,0.003155,0.001573,0.004955,0.160412,0.039011,0.363022
img_01595.jpg,0.054537,0.001596,0.000160,0.000199,0.659077,0.001173,0.001479,0.281779
img_01616.jpg,0.472685,0.014029,0.017813,0.000134,0.209524,0.045537,0.052776,0.187502
img_01618.jpg,0.628230,0.194938,0.000271,0.000935,0.026209,0.115996,0.001210,0.032210
img_01627.jpg,0.828689,0.028851,0.004759,0.004777,0.001827,0.115151,0.002195,0.013751
img_01632.jpg,0.934312,0.004025,0.000200,0.000022,0.038206,0.000338,0.000122,0.022775
img_01633.jpg,0.541072,0.041588,0.000852,0.001540,0.010089,0.345392,0.016593,0.042874
img_01640.jpg,0.932734,0.026970,0.000532,0.000044,0.023418,0.001395,0.000545,0.014362
img_01646.jpg,0.889655,0.047514,0.001623,0.002388,0.002962,0.010540,0.001839,0.043480
img_01647.jpg,0.480868,0.008240,0.005674,0.000113,0.466192,0.000909,0.001899,0.036105
img_01649.jpg,0.684123,0.006235,0.000745,0.016505,0.208770,0.019036,0.033004,0.031582
img_01657.jpg,0.017097,0.017199,0.604050,0.000259,0.003655,0.008084,0.000514,0.349143
img_01669.jpg,0.245440,0.028508,0.007681,0.623031,0.025725,0.024013,0.004165,0.041436
img_01673.jpg,0.605806,0.004459,0.000118,0.000087,0.363518,0.004880,0.001585,0.019547
img_01681.jpg,0.303879,0.006215,0.001573,0.000018,0.158428,0.000866,0.001251,0.527770
img_01684.jpg,0.190265,0.015815,0.002767,0.009858,0.003223,0.083016,0.001582,0.693475
img_01685.jpg,0.413274,0.017106,0.180515,0.014521,0.125286,0.163881,0.002484,0.082932
img_01687.jpg,0.490080,0.023455,0.004869,0.001353,0.017744,0.017383,0.051955,0.393160
img_01688.jpg,0.287093,0.048354,0.002144,0.005475,0.024233,0.149555,0.121690,0.361457
img_01689.jpg,0.083139,0.127962,0.008347,0.000527,0.009998,0.301902,0.002161,0.465964
img_01716.jpg,0.005513,0.002146,0.000236,0.000027,0.989695,0.001037,0.000406,0.000940
img_01717.jpg,0.381121,0.028716,0.000144,0.000072,0.545022,0.002579,0.001159,0.041189
img_01724.jpg,0.625030,0.011948,0.005338,0.000980,0.129833,0.157761,0.001145,0.067966
img_01745.jpg,0.714616,0.058380,0.068548,0.007164,0.046714,0.042398,0.007924,0.054256
img_01771.jpg,0.819737,0.031604,0.007017,0.000708,0.001706,0.041156,0.001571,0.096501
img_01773.jpg,0.344008,0.021367,0.002435,0.000300,0.002726,0.016924,0.104252,0.507988
img_01781.jpg,0.277994,0.001264,0.002173,0.348459,0.079593,0.267872,0.000562,0.022083
img_01782.jpg,0.243168,0.006200,0.000246,0.000131,0.599889,0.001420,0.004296,0.144650
img_01802.jpg,0.837369,0.004839,0.000727,0.000064,0.130108,0.010196,0.007125,0.009572
img_01803.jpg,0.055430,0.108231,0.570072,0.000272,0.005196,0.015677,0.001383,0.243739
img_01824.jpg,0.624463,0.062053,0.000740,0.002759,0.012151,0.237555,0.017671,0.042608
img_01825.jpg,0.175259,0.664015,0.025589,0.000878,0.088058,0.001695,0.000328,0.044178
img_01831.jpg,0.616033,0.003751,0.001589,0.034707,0.044584,0.284949,0.000449,0.013939
img_01834.jpg,0.077744,0.067491,0.119731,0.000555,0.001686,0.043675,0.003112,0.686006
img_01847.jpg,0.235329,0.062271,0.002830,0.001654,0.003957,0.131982,0.025356,0.536620
img_01853.jpg,0.740482,0.021846,0.007478,0.001070,0.031636,0.039605,0.017959,0.139924
img_01856.jpg,0.918211,0.000580,0.000801,0.000365,0.020831,0.002110,0.001314,0.055789
img_01860.jpg,0.682351,0.008394,0.002129,0.000702,0.049488,0.037202,0.050018,0.169715
img_01862.jpg,0.669418,0.018334,0.008740,0.000627,0.097190,0.141058,0.000519,0.064113
img_01874.jpg,0.449952,0.032201,0.000889,0.000694,0.012927,0.187215,0.015706,0.300417
img_01888.jpg,0.227030,0.167871,0.001298,0.024529,0.036146,0.491164,0.002816,0.049147
img_01918.jpg,0.452700,0.031398,0.104386,0.167859,0.031061,0.022602,0.084217,0.105777
img_01930.jpg,0.702574,0.010544,0.004913,0.004305,0.076276,0.167789,0.002707,0.030892
img_01932.jpg,0.725092,0.038386,0.001327,0.006390,0.049108,0.070821,0.005349,0.103527
img_01955.jpg,0.035523,0.001270,0.002023,0.000100,0.058315,0.015422,0.000797,0.886551
img_01963.jpg,0.971501,0.000360,0.000437,0.000054,0.010512,0.002018,0.001039,0.014079
img_01966.jpg,0.918951,0.008209,0.002495,0.001572,0.000200,0.005862,0.001600,0.061111
img_01976.jpg,0.879053,0.018746,0.002733,0.000055,0.007610,0.000995,0.000454,0.090355
img_01983.jpg,0.399547,0.002509,0.013447,0.000699,0.564424,0.004146,0.000477,0.014751
img_01984.jpg,0.206308,0.053890,0.003222,0.001780,0.003560,0.033834,0.000434,0.696972
img_01995.jpg,0.072928,0.018597,0.000248,0.025121,0.018463,0.687511,0.006070,0.171061
img_01996.jpg,0.378251,0.053732,0.000379,0.003159,0.051464,0.448257,0.024007,0.040750
img_02001.jpg,0.461289,0.010718,0.000581,0.000770,0.009952,0.301831,0.011058,0.203802
img_02006.jpg,0.313637,0.037266,0.174183,0.011418,0.201907,0.223255,0.000459,0.037875
img_02066.jpg,0.679453,0.020377,0.032508,0.005213,0.104980,0.034148,0.003215,0.120106
img_02074.jpg,0.765016,0.031415,0.011791,0.033276,0.021620,0.060910,0.000251,0.075721
img_02076.jpg,0.420710,0.185369,0.001359,0.000236,0.270954,0.004581,0.000146,0.116645
img_02077.jpg,0.275474,0.016041,0.014640,0.187027,0.051147,0.412486,0.006528,0.036657
img_02078.jpg,0.083395,0.001499,0.032883,0.000072,0.742353,0.013104,0.000455,0.126239
img_02082.jpg,0.253744,0.000513,0.000416,0.000078,0.664891,0.004237,0.052392,0.023729
img_02083.jpg,0.023537,0.001669,0.000206,0.000626,0.953416,0.017208,0.000504,0.002833
img_02096.jpg,0.974963,0.000571,0.003011,0.000012,0.007129,0.001345,0.002202,0.010768
img_02119.jpg,0.675085,0.020802,0.158024,0.002885,0.015427,0.088997,0.001555,0.037226
img_02124.jpg,0.226126,0.019365,0.000509,0.002276,0.027039,0.682948,0.008390,0.033347
img_02135.jpg,0.127351,0.024962,0.000766,0.027342,0.795343,0.002239,0.015673,0.006324
img_02146.jpg,0.491319,0.007272,0.002984,0.001086,0.473409,0.003998,0.000432,0.019498
img_02159.jpg,0.127458,0.000991,0.081622,0.013079,0.549645,0.188869,0.001667,0.036669
img_02172.jpg,0.653859,0.018873,0.009396,0.000480,0.086857,0.160343,0.001326,0.068865
img_02180.jpg,0.794455,0.034471,0.001273,0.003964,0.016561,0.076387,0.013431,0.059458
img_02188.jpg,0.537087,0.028704,0.000860,0.001155,0.006864,0.045386,0.088780,0.291165
img_02194.jpg,0.918315,0.002326,0.000137,0.000021,0.066548,0.007661,0.000036,0.004956
img_02209.jpg,0.268680,0.018721,0.000205,0.001485,0.049497,0.532655,0.042690,0.086067
img_02216.jpg,0.143703,0.336256,0.017731,0.000116,0.206154,0.040546,0.001538,0.253956
img_02231.jpg,0.261473,0.015908,0.000721,0.040353,0.422126,0.238379,0.005242,0.015798
img_02235.jpg,0.054292,0.066976,0.000335,0.057437,0.025289,0.643496,0.007409,0.144766
img_02252.jpg,0.886512,0.000868,0.000702,0.000031,0.100374,0.001096,0.001457,0.008961
img_02268.jpg,0.917479,0.015211,0.014356,0.003828,0.022423,0.012138,0.001509,0.013054
img_02270.jpg,0.762941,0.012253,0.019337,0.002385,0.165286,0.012123,0.000340,0.025335
img_02281.jpg,0.373202,0.026132,0.002449,0.026165,0.325337,0.238239,0.002902,0.005574
img_02282.jpg,0.004452,0.001767,0.005208,0.000108,0.000237,0.002678,0.000168,0.985382
img_02285.jpg,0.944299,0.000661,0.000135,0.000071,0.045553,0.003586,0.004682,0.001013
img_02291.jpg,0.969447,0.009917,0.002917,0.000020,0.012481,0.000267,0.000052,0.004900
img_02299.jpg,0.674638,0.033013,0.000620,0.031123,0.007311,0.046111,0.014925,0.192259
img_02305.jpg,0.050808,0.181022,0.000723,0.079851,0.070115,0.398619,0.011796,0.207066
img_02307.jpg,0.538659,0.055746,0.000490,0.002443,0.010054,0.084358,0.016763,0.291487
img_02309.jpg,0.944295,0.018562,0.000264,0.000030,0.022753,0.002049,0.000221,0.011825
img_02318.jpg,0.112165,0.002892,0.001721,0.000355,0.093134,0.024949,0.001777,0.763007
img_02347.jpg,0.355391,0.057013,0.013052,0.000714,0.245673,0.012670,0.000155,0.315332
img_02356.jpg,0.377055,0.001580,0.004191,0.001155,0.025789,0.025684,0.021524,0.543024
img_02367.jpg,0.861874,0.003475,0.000151,0.003031,0.108155,0.010980,0.003467,0.008867
img_02372.jpg,0.013427,0.001786,0.002395,0.000494,0.965077,0.014365,0.000360,0.002097
img_02379.jpg,0.800800,0.001965,0.002165,0.000848,0.011616,0.004125,0.007388,0.171093
img_02384.jpg,0.353687,0.058392,0.000498,0.000708,0.006139,0.122659,0.059974,0.397942
img_02398.jpg,0.461309,0.006957,0.005689,0.054952,0.002293,0.361033,0.000549,0.107218
img_02400.jpg,0.664281,0.016801,0.059124,0.003107,0.067477,0.103446,0.001054,0.084709
img_02406.jpg,0.306100,0.014490,0.013537,0.214391,0.053876,0.378964,0.003643,0.015000
img_02412.jpg,0.616894,0.002395,0.001107,0.000017,0.103258,0.003716,0.000777,0.271836
img_02416.jpg,0.241223,0.651004,0.026739,0.000343,0.012426,0.018734,0.000627,0.048904
img_02422.jpg,0.192794,0.030307,0.000928,0.002251,0.001895,0.153431,0.133272,0.485123
img_02479.jpg,0.068681,0.004433,0.001429,0.000120,0.916172,0.001441,0.002253,0.005470
img_02486.jpg,0.516886,0.015964,0.028025,0.000556,0.003701,0.238864,0.000940,0.195064
img_02487.jpg,0.876122,0.005058,0.000457,0.000013,0.024410,0.000592,0.001055,0.092292
img_02507.jpg,0.509908,0.012081,0.210797,0.016035,0.042315,0.129072,0.005907,0.073885
img_02522.jpg,0.531845,0.187115,0.001534,0.033858,0.150607,0.056650,0.002512,0.035879
img_02540.jpg,0.385677,0.015477,0.115499,0.022365,0.088258,0.336417,0.003171,0.033136
img_02546.jpg,0.148278,0.073940,0.001346,0.000226,0.047211,0.003626,0.000150,0.725223
img_02556.jpg,0.780941,0.010439,0.001398,0.000379,0.006140,0.016073,0.037540,0.147091
img_02560.jpg,0.151111,0.038276,0.000522,0.006870,0.746744,0.011542,0.003237,0.041699
img_02563.jpg,0.010620,0.001186,0.000970,0.000326,0.977137,0.006358,0.000108,0.003295
img_02565.jpg,0.552796,0.026457,0.004761,0.001336,0.006326,0.107892,0.070363,0.230069
img_02573.jpg,0.197893,0.681794,0.028064,0.000296,0.004549,0.020555,0.000669,0.066180
img_02574.jpg,0.344055,0.004358,0.000126,0.000510,0.601576,0.020832,0.000627,0.027915
img_02602.jpg,0.744494,0.091015,0.000797,0.000760,0.009980,0.020086,0.000961,0.131907
img_02607.jpg,0.302487,0.013803,0.011530,0.031841,0.341530,0.098470,0.011088,0.189250
img_02622.jpg,0.733876,0.007200,0.000232,0.000265,0.008681,0.022494,0.014779,0.212473
img_02625.jpg,0.581991,0.044576,0.001600,0.004066,0.032165,0.287857,0.011432,0.036312
img_02636.jpg,0.475835,0.108599,0.016148,0.000434,0.115110,0.003825,0.001296,0.278753
img_02638.jpg,0.824578,0.004448,0.002863,0.001605,0.000510,0.074309,0.000484,0.091202
img_02641.jpg,0.901879,0.007241,0.001025,0.000261,0.019785,0.040277,0.000513,0.029020
img_02646.jpg,0.041459,0.005012,0.000225,0.003368,0.026239,0.117306,0.008344,0.798046
img_02648.jpg,0.202047,0.080523,0.050060,0.002107,0.022974,0.076243,0.001318,0.564728
img_02651.jpg,0.816273,0.000789,0.003035,0.000014,0.139563,0.001111,0.000386,0.038829
img_02656.jpg,0.645637,0.071633,0.003923,0.113795,0.004225,0.086207,0.002203,0.072376
img_02666.jpg,0.856577,0.002164,0.000390,0.000040,0.085640,0.000622,0.000171,0.054396
img_02679.jpg,0.358773,0.112698,0.003484,0.005073,0.463536,0.000973,0.000150,0.055313
img_02687.jpg,0.032430,0.001198,0.002980,0.000849,0.081263,0.004594,0.000723,0.875964
img_02699.jpg,0.720702,0.008371,0.000232,0.000087,0.125049,0.018880,0.026667,0.100011
img_02702.jpg,0.966391,0.000899,0.000284,0.000012,0.013029,0.000136,0.000186,0.019063
img_02703.jpg,0.233832,0.001870,0.005103,0.001796,0.025339,0.017379,0.021344,0.693337
img_02709.jpg,0.905357,0.009670,0.007925,0.011768,0.014959,0.018846,0.000771,0.030704
img_02726.jpg,0.467803,0.003026,0.023112,0.000779,0.484893,0.009449,0.000553,0.010385
img_02733.jpg,0.834298,0.027714,0.013739,0.021108,0.030659,0.065754,0.000102,0.006625
img_02734.jpg,0.701012,0.025889,0.000857,0.000861,0.055043,0.139345,0.001117,0.075875
img_02739.jpg,0.958140,0.011275,0.000230,0.000025,0.021448,0.001121,0.000198,0.007563
img_02749.jpg,0.657148,0.006877,0.003066,0.046200,0.063789,0.193611,0.001166,0.028143
img_02759.jpg,0.153949,0.083931,0.068472,0.000682,0.006004,0.069407,0.000261,0.617294
img_02764.jpg,0.878697,0.003143,0.000204,0.000038,0.088065,0.021080,0.000091,0.008681
img_02766.jpg,0.967994,0.009767,0.002204,0.000024,0.006481,0.000283,0.000321,0.012927
img_02769.jpg,0.170514,0.067670,0.044498,0.000866,0.003120,0.050339,0.000330,0.662664
img_02771.jpg,0.875981,0.041107,0.002417,0.005445,0.000297,0.009194,0.000250,0.065309
img_02789.jpg,0.360339,0.000539,0.001143,0.000154,0.578451,0.005462,0.042209,0.011703
img_02799.jpg,0.945898,0.018320,0.000338,0.000068,0.016377,0.001093,0.000822,0.017084
img_02808.jpg,0.801173,0.010361,0.005347,0.023944,0.008607,0.089984,0.000371,0.060213
img_02811.jpg,0.622802,0.002000,0.002525,0.050337,0.107418,0.195675,0.000645,0.018596
img_02830.jpg,0.082301,0.041861,0.001399,0.005509,0.006915,0.081030,0.340323,0.440662
img_02834.jpg,0.643312,0.040666,0.001234,0.000547,0.007777,0.062829,0.031636,0.211999
img_02837.jpg,0.405873,0.182237,0.003214,0.001098,0.014117,0.062737,0.005568,0.325156
img_02838.jpg,0.750105,0.091539,0.025363,0.002436,0.026329,0.056846,0.001987,0.045395
img_02842.jpg,0.362003,0.019027,0.000693,0.002227,0.034427,0.509569,0.015514,0.056541
img_02857.jpg,0.625429,0.175104,0.003108,0.000287,0.141457,0.011429,0.000230,0.042956
img_02865.jpg,0.043349,0.005234,0.000079,0.000019,0.813013,0.001006,0.000120,0.137179
img_02871.jpg,0.107329,0.067651,0.000665,0.004639,0.003393,0.066378,0.242997,0.506947
img_02876.jpg,0.065227,0.011219,0.099255,0.000335,0.048467,0.013350,0.001218,0.760928
img_02889.jpg,0.882063,0.010252,0.010473,0.013940,0.023535,0.012489,0.001430,0.045818
img_02890.jpg,0.348279,0.005927,0.002435,0.073140,0.026767,0.537244,0.001340,0.004868
img_02899.jpg,0.764908,0.008227,0.003998,0.116164,0.043536,0.030306,0.000253,0.032608
img_02904.jpg,0.986256,0.000883,0.001461,0.000467,0.001936,0.003862,0.000173,0.004961
img_02911.jpg,0.155506,0.140606,0.011115,0.013901,0.367084,0.279804,0.002031,0.029953
img_02916.jpg,0.834230,0.005652,0.016672,0.000735,0.089486,0.041197,0.000212,0.011816
img_02920.jpg,0.982344,0.009786,0.000163,0.000238,0.000348,0.004821,0.000087,0.002214
img_02943.jpg,0.890481,0.002812,0.000649,0.023504,0.001365,0.065771,0.000141,0.015278
img_02949.jpg,0.715747,0.009657,0.022351,0.012366,0.136409,0.027021,0.001292,0.075157
img_02954.jpg,0.404972,0.049182,0.002079,0.000083,0.044923,0.094930,0.005835,0.397996
img_02956.jpg,0.454720,0.022946,0.007313,0.000227,0.017898,0.016948,0.002826,0.477122
img_02964.jpg,0.011949,0.027271,0.063391,0.000121,0.000839,0.006069,0.000710,0.889649
img_02974.jpg,0.535428,0.032933,0.002721,0.000076,0.053963,0.001974,0.003903,0.369002
img_02977.jpg,0.340298,0.260407,0.000237,0.000248,0.290816,0.002781,0.000063,0.105149
img_02993.jpg,0.086684,0.048803,0.036117,0.000178,0.002907,0.032225,0.002616,0.790470
img_03014.jpg,0.007451,0.001337,0.000284,0.000015,0.966870,0.011236,0.000079,0.012729
img_03043.jpg,0.174237,0.111785,0.031252,0.000937,0.007877,0.161891,0.007356,0.504666
img_03055.jpg,0.737506,0.033702,0.002754,0.021543,0.001945,0.053888,0.001675,0.146987
img_03064.jpg,0.521805,0.018788,0.004967,0.001187,0.041304,0.045551,0.092187,0.274211
img_03069.jpg,0.607660,0.046533,0.000818,0.013154,0.011565,0.089570,0.069433,0.161267
img_03074.jpg,0.933464,0.029996,0.002178,0.004027,0.004258,0.005058,0.001999,0.019019
img_03078.jpg,0.681042,0.073679,0.007159,0.008231,0.002704,0.015166,0.001563,0.210457
img_03080.jpg,0.902149,0.000804,0.000626,0.000126,0.034271,0.000953,0.000579,0.060492
img_03082.jpg,0.383464,0.369727,0.002359,0.002064,0.008113,0.003985,0.000525,0.229762
img_03087.jpg,0.207431,0.012367,0.001438,0.001090,0.751737,0.014518,0.002303,0.009117
img_03116.jpg,0.066364,0.028527,0.000313,0.000004,0.598072,0.000256,0.000112,0.306352
img_03128.jpg,0.872635,0.004444,0.000791,0.000171,0.001654,0.029956,0.020919,0.069429
img_03135.jpg,0.798027,0.011036,0.001161,0.000286,0.008374,0.019439,0.030958,0.130720
img_03140.jpg,0.821602,0.047125,0.000498,0.000427,0.011313,0.036195,0.000458,0.082382
img_03166.jpg,0.834781,0.004389,0.001191,0.000072,0.122232,0.014258,0.010716,0.012361
img_03169.jpg,0.030931,0.099887,0.396259,0.000847,0.009565,0.005148,0.001412,0.455952
img_03181.jpg,0.368372,0.151389,0.003416,0.000591,0.018871,0.424371,0.000752,0.032238
img_03195.jpg,0.664787,0.038988,0.000347,0.000371,0.003592,0.084071,0.023399,0.184446
img_03199.jpg,0.818642,0.007539,0.002043,0.000296,0.007143,0.011522,0.063642,0.089174
img_03210.jpg,0.068297,0.095319,0.152858,0.000289,0.011450,0.018994,0.002571,0.650222
img_03220.jpg,0.804169,0.010445,0.000309,0.001918,0.124725,0.046631,0.001422,0.010382
img_03222.jpg,0.736861,0.138679,0.000757,0.006133,0.010184,0.089007,0.001351,0.017026
img_03223.jpg,0.487765,0.128900,0.008698,0.002550,0.024343,0.093984,0.016448,0.237311
img_03228.jpg,0.605851,0.037548,0.002499,0.072497,0.008121,0.036756,0.000111,0.236617
img_03229.jpg,0.426790,0.032574,0.002632,0.001403,0.001566,0.134127,0.119554,0.281354
img_03231.jpg,0.623771,0.035207,0.019542,0.006565,0.133097,0.020519,0.000743,0.160557
img_03238.jpg,0.344068,0.035221,0.001989,0.002419,0.008820,0.232621,0.075318,0.299544
img_03239.jpg,0.024833,0.057320,0.001166,0.000672,0.031648,0.000867,0.879237,0.004257
img_03252.jpg,0.919358,0.020770,0.008135,0.000053,0.031398,0.000944,0.000326,0.019017
img_03254.jpg,0.197049,0.017473,0.000808,0.001699,0.039665,0.678513,0.006192,0.058601
img_03260.jpg,0.720188,0.016858,0.014641,0.006970,0.017002,0.180952,0.002983,0.040406
img_03261.jpg,0.739347,0.102583,0.043312,0.001485,0.035790,0.046439,0.001592,0.029453
img_03270.jpg,0.318308,0.000874,0.003480,0.000585,0.008941,0.057475,0.016712,0.593625
img_03283.jpg,0.275626,0.060007,0.007726,0.008616,0.001767,0.065910,0.004077,0.576271
img_03290.jpg,0.527758,0.029297,0.004718,0.000278,0.007465,0.016378,0.005937,0.408170
img_03297.jpg,0.959868,0.001720,0.001044,0.001120,0.017063,0.004034,0.000218,0.014932
img_03310.jpg,0.699151,0.041575,0.000538,0.007613,0.014966,0.187914,0.000972,0.047270
img_03312.jpg,0.594849,0.104688,0.001403,0.001795,0.001073,0.143544,0.004691,0.147957
img_03324.jpg,0.029891,0.067581,0.156703,0.000525,0.000717,0.010141,0.001713,0.732728
img_03333.jpg,0.562121,0.050301,0.001310,0.002453,0.009826,0.271021,0.050302,0.052666
img_03342.jpg,0.674237,0.012298,0.000247,0.000378,0.005526,0.055648,0.015171,0.236495
img_03346.jpg,0.805797,0.037822,0.004293,0.003673,0.004074,0.079536,0.002120,0.062686
img_03355.jpg,0.212901,0.012232,0.002365,0.000405,0.002705,0.011674,0.060992,0.696727
img_03361.jpg,0.216908,0.696296,0.002123,0.000791,0.013725,0.009851,0.006812,0.053493
img_03370.jpg,0.828229,0.006058,0.000287,0.000197,0.000608,0.014973,0.027783,0.121866
img_03399.jpg,0.772813,0.126440,0.000428,0.004276,0.023686,0.051813,0.001489,0.019054
img_03410.jpg,0.692048,0.031052,0.000639,0.000036,0.236469,0.000374,0.000058,0.039323
img_03422.jpg,0.737819,0.017534,0.014802,0.079907,0.015548,0.075328,0.000410,0.058652
img_03426.jpg,0.694281,0.004742,0.001601,0.000721,0.186345,0.007544,0.001670,0.103096
img_03439.jpg,0.581003,0.004844,0.002261,0.048856,0.049861,0.288499,0.000503,0.024172
img_03440.jpg,0.049883,0.019539,0.062572,0.000128,0.001732,0.003897,0.000808,0.861440
img_03444.jpg,0.448955,0.407429,0.008719,0.001072,0.010424,0.057166,0.007216,0.059019
img_03445.jpg,0.359910,0.001636,0.000605,0.000102,0.605570,0.000476,0.001369,0.030332
img_03446.jpg,0.032065,0.087305,0.331726,0.000447,0.006691,0.011707,0.002079,0.527979
img_03452.jpg,0.313193,0.586939,0.006638,0.000359,0.014125,0.019262,0.005553,0.053931
img_03454.jpg,0.830573,0.000425,0.000678,0.000111,0.150128,0.005756,0.006538,0.005791
img_03456.jpg,0.005097,0.001497,0.000229,0.000024,0.984402,0.003549,0.000061,0.005141
img_03457.jpg,0.770430,0.011565,0.015625,0.000913,0.044429,0.063813,0.000442,0.092784
img_03471.jpg,0.493423,0.029322,0.071964,0.106317,0.022096,0.012752,0.046875,0.217250
img_03475.jpg,0.269480,0.000776,0.000206,0.000007,0.657697,0.000484,0.000007,0.071343
img_03488.jpg,0.804356,0.061079,0.002199,0.004371,0.000566,0.082596,0.001421,0.043412
img_03490.jpg,0.236764,0.648568,0.019351,0.000363,0.013617,0.020039,0.000640,0.060657
img_03502.jpg,0.679665,0.015582,0.000498,0.000532,0.011496,0.028627,0.022768,0.240831
img_03504.jpg,0.391278,0.179891,0.007157,0.000910,0.024526,0.355892,0.001280,0.039066
img_03520.jpg,0.642646,0.031962,0.038603,0.004161,0.131173,0.035766,0.002720,0.112969
img_03527.jpg,0.026916,0.095531,0.162061,0.000127,0.006923,0.024685,0.000478,0.683280
img_03547.jpg,0.943345,0.020320,0.000966,0.004893,0.000791,0.024421,0.001709,0.003555
img_03548.jpg,0.548029,0.020218,0.002325,0.003762,0.019047,0.102130,0.077106,0.227383
img_03554.jpg,0.947669,0.013282,0.000517,0.000135,0.020081,0.001211,0.000915,0.016190
img_03563.jpg,0.329356,0.224278,0.001813,0.004818,0.027932,0.026469,0.001063,0.384270
img_03581.jpg,0.666132,0.004883,0.002530,0.045320,0.044295,0.215467,0.000565,0.020807
img_03584.jpg,0.010946,0.001969,0.005314,0.000015,0.089572,0.000474,0.001945,0.889765
img_03587.jpg,0.288569,0.047285,0.001361,0.000792,0.008113,0.026110,0.032463,0.595307
img_03588.jpg,0.350793,0.032462,0.000445,0.002560,0.044260,0.490015,0.041961,0.037504
img_03602.jpg,0.258869,0.017662,0.000534,0.001730,0.019027,0.649187,0.014189,0.038803
img_03627.jpg,0.971469,0.005236,0.002319,0.000033,0.011163,0.000371,0.000087,0.009322
img_03628.jpg,0.987341,0.000103,0.000294,0.000070,0.004133,0.000514,0.000153,0.007392
img_03652.jpg,0.851490,0.004687,0.000271,0.000023,0.119969,0.014566,0.000064,0.008931
img_03670.jpg,0.697270,0.000468,0.001025,0.000192,0.270090,0.008276,0.009080,0.013601
img_03674.jpg,0.278390,0.013113,0.001844,0.010841,0.646152,0.014095,0.002700,0.032866
img_03677.jpg,0.873995,0.026032,0.006839,0.020659,0.004297,0.025703,0.001619,0.040855
img_03711.jpg,0.769943,0.041004,0.010217,0.001222,0.012240,0.050070,0.001582,0.113721
img_03715.jpg,0.307233,0.038171,0.004506,0.069442,0.296196,0.218568,0.006433,0.059452
img_03718.jpg,0.603504,0.004651,0.003441,0.051211,0.090936,0.209935,0.000329,0.035993
img_03726.jpg,0.054048,0.267754,0.000749,0.098188,0.081901,0.292638,0.014340,0.190382
img_03739.jpg,0.036457,0.053774,0.050919,0.001654,0.001835,0.145802,0.008261,0.701297
img_03749.jpg,0.232207,0.067947,0.002314,0.009060,0.037195,0.088910,0.097806,0.464561
img_03750.jpg,0.429981,0.012049,0.001421,0.000755,0.008392,0.140056,0.137633,0.269713
img_03760.jpg,0.303487,0.042946,0.002131,0.007623,0.023645,0.224944,0.094909,0.300315
img_03764.jpg,0.929112,0.018208,0.005724,0.000236,0.000226,0.014079,0.001048,0.031366
img_03776.jpg,0.462905,0.002937,0.010431,0.000215,0.389842,0.001261,0.000387,0.132023
img_03801.jpg,0.766806,0.003050,0.002131,0.000213,0.052399,0.004694,0.001548,0.169160
img_03805.jpg,0.771186,0.028141,0.002653,0.062975,0.005130,0.030461,0.001776,0.097679
img_03809.jpg,0.338911,0.451758,0.005009,0.000779,0.083535,0.007298,0.014078,0.098631
img_03825.jpg,0.965732,0.011394,0.000378,0.001262,0.001945,0.008250,0.000462,0.010577
