image,ALB,BET,DOL,LAG,NoF,OTHER,SHARK,YFT
img_00005.jpg,0.343257,0.008290,0.043552,0.013451,0.395958,0.103247,0.036835,0.055410
img_00007.jpg,0.373101,0.032394,0.022117,0.018252,0.016740,0.078683,0.042707,0.416006
img_00009.jpg,0.300646,0.210191,0.075193,0.027434,0.048499,0.182169,0.047095,0.108773
img_00018.jpg,0.695234,0.067294,0.013574,0.018333,0.047006,0.107879,0.013950,0.036730
img_00027.jpg,0.414951,0.077569,0.024835,0.073363,0.077873,0.030228,0.074159,0.227022
img_00030.jpg,0.156676,0.080479,0.078908,0.101350,0.035297,0.084939,0.211367,0.250983
img_00040.jpg,0.121828,0.079142,0.066828,0.049155,0.065025,0.132941,0.171596,0.313486
img_00046.jpg,0.258455,0.095551,0.031554,0.023543,0.172669,0.064086,0.045446,0.308697
img_00053.jpg,0.612793,0.062832,0.062605,0.075603,0.051182,0.065449,0.037751,0.031785
img_00071.jpg,0.452267,0.036760,0.023451,0.086169,0.042042,0.113372,0.049709,0.196231
img_00075.jpg,0.161916,0.161565,0.041503,0.081251,0.128113,0.306015,0.071184,0.048453
img_00102.jpg,0.017398,0.085070,0.038507,0.285624,0.030685,0.083626,0.070927,0.388164
img_00103.jpg,0.481959,0.049304,0.057554,0.074570,0.090911,0.124503,0.048542,0.072658
img_00109.jpg,0.574289,0.030627,0.029981,0.006831,0.312531,0.007592,0.023843,0.014306
img_00119.jpg,0.026011,0.025505,0.036950,0.030547,0.716336,0.103384,0.044238,0.017029
img_00120.jpg,0.398632,0.025514,0.035983,0.011507,0.024349,0.069305,0.064338,0.370372
img_00125.jpg,0.485928,0.094072,0.090115,0.125567,0.017805,0.024253,0.061788,0.100472
img_00128.jpg,0.031601,0.029561,0.088762,0.029169,0.059131,0.070135,0.023262,0.668379
img_00129.jpg,0.228857,0.052503,0.079343,0.033328,0.054068,0.182580,0.075339,0.293982
img_00133.jpg,0.556085,0.045542,0.010712,0.023208,0.155496,0.114932,0.019069,0.074956
img_00138.jpg,0.461158,0.099392,0.066279,0.072827,0.044270,0.085794,0.024744,0.145538
img_00141.jpg,0.018234,0.043715,0.041781,0.016524,0.019080,0.054170,0.026472,0.780024
img_00152.jpg,0.018412,0.076562,0.115203,0.070217,0.074868,0.163542,0.106204,0.374991
img_00161.jpg,0.006761,0.017591,0.077179,0.044297,0.012499,0.035558,0.066138,0.739977
img_00164.jpg,0.090619,0.027341,0.237777,0.048203,0.208766,0.053395,0.253247,0.080653
img_00170.jpg,0.657354,0.013411,0.027878,0.082430,0.057438,0.103295,0.028384,0.029811
img_00171.jpg,0.045829,0.159226,0.046188,0.322179,0.020116,0.231226,0.069153,0.106083
img_00172.jpg,0.264296,0.012208,0.039696,0.018453,0.269190,0.084949,0.028985,0.282224
img_00175.jpg,0.168090,0.098440,0.041013,0.207831,0.037775,0.163988,0.072067,0.210795
img_00180.jpg,0.075768,0.012427,0.026310,0.024312,0.046666,0.026697,0.395767,0.392052
img_00196.jpg,0.138105,0.017885,0.030485,0.017512,0.673482,0.074925,0.027395,0.020210
img_00212.jpg,0.261113,0.041595,0.061584,0.034231,0.050372,0.049919,0.134568,0.366619
img_00223.jpg,0.419989,0.041376,0.042562,0.064478,0.182027,0.192126,0.021229,0.036214
img_00230.jpg,0.929367,0.013033,0.001647,0.003944,0.003710,0.019986,0.002315,0.025998
img_00232.jpg,0.085474,0.154300,0.058260,0.120956,0.120378,0.038847,0.330047,0.091737
img_00244.jpg,0.656842,0.048032,0.024476,0.027833,0.128491,0.029666,0.025246,0.059414
img_00272.jpg,0.394069,0.118369,0.053316,0.051760,0.114989,0.105969,0.014583,0.146944
img_00280.jpg,0.316446,0.041376,0.052563,0.030113,0.352433,0.121554,0.037924,0.047592
img_00282.jpg,0.106267,0.121758,0.034604,0.287376,0.038812,0.187632,0.118191,0.105360
img_00285.jpg,0.103227,0.037663,0.042116,0.023328,0.057942,0.035800,0.246928,0.452994
img_00289.jpg,0.372394,0.013199,0.103739,0.036720,0.276661,0.161554,0.015388,0.020345
img_00292.jpg,0.150788,0.022359,0.077920,0.123848,0.036719,0.294185,0.066978,0.227201
img_00302.jpg,0.117234,0.163883,0.043497,0.053164,0.105047,0.181556,0.100283,0.235337
img_00311.jpg,0.518352,0.088377,0.039484,0.064807,0.101727,0.032061,0.052780,0.102412
img_00320.jpg,0.617706,0.048052,0.038453,0.016324,0.025620,0.011533,0.108154,0.134158
img_00331.jpg,0.364875,0.018114,0.034530,0.024634,0.024604,0.086985,0.061390,0.384867
img_00358.jpg,0.266527,0.047076,0.043386,0.017894,0.040122,0.080959,0.095335,0.408701
img_00374.jpg,0.313818,0.076507,0.065894,0.046345,0.034906,0.294912,0.042029,0.125589
img_00375.jpg,0.313350,0.110584,0.034699,0.098755,0.174931,0.155190,0.032956,0.079535
img_00376.jpg,0.490751,0.010956,0.031848,0.004423,0.011948,0.055524,0.061757,0.332795
img_00380.jpg,0.580988,0.023993,0.015722,0.032292,0.197207,0.105462,0.007959,0.036378
img_00383.jpg,0.354553,0.136998,0.052239,0.052900,0.153446,0.056640,0.104096,0.089128
img_00398.jpg,0.322764,0.030834,0.029428,0.013014,0.244906,0.077857,0.072934,0.208264
img_00407.jpg,0.339648,0.066759,0.058887,0.114364,0.029367,0.151667,0.041841,0.197467
img_00417.jpg,0.690992,0.009728,0.014089,0.005361,0.098871,0.015572,0.045998,0.119391
img_00432.jpg,0.358834,0.023458,0.086632,0.023007,0.097628,0.169928,0.052078,0.188434
img_00442.jpg,0.032062,0.041600,0.096955,0.050518,0.184972,0.057178,0.018108,0.518607
img_00446.jpg,0.716074,0.027000,0.011366,0.019216,0.041021,0.136521,0.012423,0.036379
img_00469.jpg,0.560348,0.095883,0.018605,0.024991,0.053182,0.138508,0.018716,0.089767
img_00473.jpg,0.681741,0.026530,0.019483,0.004626,0.120494,0.012830,0.022856,0.111439
img_00483.jpg,0.250629,0.095975,0.063474,0.029778,0.231956,0.046374,0.066391,0.215424
img_00484.jpg,0.600710,0.065707,0.034429,0.033619,0.037600,0.053232,0.053906,0.120796
img_00486.jpg,0.612173,0.051791,0.034332,0.052080,0.100694,0.090987,0.021400,0.036543
img_00487.jpg,0.045018,0.048115,0.153562,0.085322,0.325114,0.028583,0.197747,0.116540
img_00493.jpg,0.262399,0.040490,0.051705,0.057332,0.218508,0.101314,0.187342,0.080909
img_00518.jpg,0.391719,0.032669,0.023188,0.011199,0.303846,0.040774,0.056347,0.140258
img_00533.jpg,0.127229,0.100925,0.055338,0.057979,0.058203,0.099517,0.051050,0.449758
img_00538.jpg,0.724638,0.014443,0.012770,0.020691,0.006992,0.113046,0.029953,0.077467
img_00543.jpg,0.411219,0.101708,0.061765,0.076757,0.099262,0.036275,0.074495,0.138519
img_00550.jpg,0.215921,0.038560,0.180064,0.032014,0.089209,0.269950,0.092076,0.082205
img_00551.jpg,0.512989,0.038952,0.046961,0.127130,0.046699,0.145205,0.039226,0.042838
img_00564.jpg,0.330101,0.007680,0.019897,0.012382,0.427305,0.116316,0.010734,0.075583
img_00575.jpg,0.302706,0.019422,0.065629,0.043821,0.019021,0.138926,0.056895,0.353580
img_00582.jpg,0.350757,0.093895,0.032068,0.042657,0.149771,0.221683,0.030271,0.078899
img_00584.jpg,0.265627,0.079147,0.115604,0.028963,0.380142,0.010907,0.029636,0.089974
img_00587.jpg,0.194238,0.065087,0.052889,0.081383,0.068881,0.047598,0.170401,0.319523
img_00590.jpg,0.281368,0.014113,0.022085,0.012842,0.022438,0.034825,0.038348,0.573982
img_00591.jpg,0.213495,0.016364,0.027900,0.016058,0.032584,0.091270,0.057899,0.544430
img_00598.jpg,0.163233,0.060002,0.102348,0.145759,0.066921,0.290484,0.057674,0.113578
img_00599.jpg,0.119718,0.030669,0.122496,0.039055,0.023633,0.160384,0.158235,0.345809
img_00612.jpg,0.492503,0.018838,0.035728,0.028862,0.024420,0.163462,0.069632,0.166555
img_00618.jpg,0.265901,0.030216,0.067997,0.043561,0.309460,0.100755,0.126228,0.055883
img_00620.jpg,0.454646,0.059194,0.049719,0.059723,0.116154,0.198452,0.015428,0.046684
img_00642.jpg,0.463165,0.054628,0.025826,0.067697,0.129613,0.061498,0.019148,0.178424
img_00646.jpg,0.093411,0.065196,0.076692,0.044918,0.229918,0.055082,0.030222,0.404561
img_00648.jpg,0.686251,0.053834,0.020964,0.026800,0.083199,0.020989,0.041217,0.066746
img_00650.jpg,0.390445,0.014606,0.045420,0.028560,0.075919,0.107967,0.078639,0.258442
img_00654.jpg,0.300151,0.044124,0.107731,0.078817,0.093330,0.229560,0.030420,0.115866
img_00664.jpg,0.292503,0.144922,0.047263,0.112387,0.060846,0.037680,0.063510,0.240889
img_00667.jpg,0.066903,0.010436,0.009680,0.005886,0.806461,0.067567,0.021672,0.011395
img_00676.jpg,0.043041,0.019000,0.019009,0.015310,0.767500,0.101720,0.022700,0.011720
img_00697.jpg,0.154900,0.046575,0.079600,0.027811,0.127403,0.060605,0.047106,0.455999
img_00708.jpg,0.289979,0.032026,0.027533,0.034172,0.046098,0.120924,0.090494,0.358774
img_00716.jpg,0.100560,0.020890,0.042531,0.023276,0.033500,0.115863,0.070084,0.593295
img_00717.jpg,0.728734,0.035037,0.018111,0.017712,0.055901,0.073883,0.020909,0.049712
img_00718.jpg,0.543536,0.022631,0.028532,0.141285,0.038095,0.151080,0.024831,0.050010
img_00723.jpg,0.466740,0.110139,0.028964,0.045556,0.173737,0.038948,0.068096,0.067821
img_00724.jpg,0.309640,0.051963,0.042011,0.036279,0.136662,0.076623,0.243766,0.103056
img_00726.jpg,0.810612,0.015985,0.009398,0.014726,0.063243,0.021722,0.011814,0.052500
img_00729.jpg,0.453163,0.018106,0.025895,0.009694,0.318673,0.037497,0.026128,0.110843
img_00730.jpg,0.150457,0.038369,0.103113,0.092212,0.029912,0.127435,0.146024,0.312478
img_00757.jpg,0.344014,0.136397,0.058370,0.085815,0.075752,0.080930,0.032152,0.186570
img_00760.jpg,0.091489,0.136979,0.091286,0.159308,0.023344,0.094213,0.146085,0.257297
img_00763.jpg,0.250282,0.036254,0.077964,0.039079,0.179437,0.062879,0.041147,0.312959
img_00764.jpg,0.499143,0.057247,0.057774,0.002578,0.109190,0.015872,0.016870,0.241325
img_00765.jpg,0.092641,0.039187,0.074424,0.060238,0.096397,0.211679,0.305012,0.120422
img_00772.jpg,0.090749,0.033434,0.177202,0.062987,0.128982,0.109267,0.055109,0.342271
img_00773.jpg,0.611432,0.071209,0.027510,0.024873,0.148403,0.044313,0.019718,0.052542
img_00777.jpg,0.261793,0.191697,0.064214,0.101825,0.179330,0.145868,0.026593,0.028680
img_00780.jpg,0.035258,0.076676,0.144246,0.108475,0.188327,0.123060,0.088071,0.235887
img_00798.jpg,0.739964,0.035981,0.016083,0.008802,0.009127,0.043770,0.021883,0.124392
img_00808.jpg,0.183826,0.058066,0.026513,0.109853,0.037954,0.410653,0.055027,0.118109
img_00816.jpg,0.380118,0.043942,0.106523,0.054481,0.117854,0.188762,0.048434,0.059887
img_00828.jpg,0.247204,0.018658,0.013435,0.021914,0.489594,0.103271,0.019894,0.086030
img_00833.jpg,0.071874,0.066191,0.104652,0.048680,0.036487,0.327184,0.102804,0.242127
img_00837.jpg,0.511529,0.084805,0.027793,0.037531,0.064015,0.057720,0.020728,0.195877
img_00855.jpg,0.582356,0.046324,0.009312,0.050298,0.098284,0.092189,0.009460,0.111777
img_00857.jpg,0.489967,0.120537,0.057461,0.018703,0.082506,0.008930,0.100585,0.121312
img_00858.jpg,0.158509,0.211888,0.052703,0.024891,0.063615,0.139378,0.185747,0.163268
img_00865.jpg,0.642422,0.081715,0.025400,0.015679,0.040844,0.061439,0.033697,0.098804
img_00876.jpg,0.091730,0.060896,0.038919,0.036687,0.606662,0.103516,0.025469,0.036122
img_00889.jpg,0.081199,0.048235,0.047386,0.015471,0.172848,0.060445,0.035520,0.538896
img_00894.jpg,0.577980,0.044802,0.022785,0.021735,0.127953,0.076933,0.040225,0.087586
img_00902.jpg,0.087668,0.193788,0.044158,0.103193,0.173378,0.050191,0.262552,0.085072
img_00914.jpg,0.005568,0.073446,0.213466,0.055879,0.294707,0.056221,0.156755,0.143958
img_00921.jpg,0.169520,0.023867,0.049180,0.013154,0.027834,0.054214,0.062095,0.600137
img_00927.jpg,0.217673,0.033364,0.048458,0.029854,0.041604,0.035541,0.075599,0.517907
img_00943.jpg,0.364482,0.047283,0.066323,0.028593,0.237262,0.036080,0.112150,0.107828
img_00948.jpg,0.355000,0.070157,0.038359,0.023440,0.288522,0.110751,0.033557,0.080214
img_00950.jpg,0.330701,0.050075,0.078071,0.033571,0.207784,0.097501,0.034875,0.167422
img_00959.jpg,0.259501,0.050664,0.024572,0.042899,0.166226,0.145076,0.238712,0.072350
img_00962.jpg,0.133343,0.084579,0.082477,0.042123,0.048767,0.080672,0.025098,0.502941
img_00964.jpg,0.040557,0.088398,0.137448,0.066159,0.025733,0.188375,0.049230,0.404100
img_00966.jpg,0.159700,0.122211,0.075869,0.095743,0.205752,0.041813,0.082708,0.216203
img_00974.jpg,0.250090,0.124030,0.025390,0.067610,0.030928,0.209455,0.090676,0.201820
img_00979.jpg,0.088298,0.082083,0.099061,0.047195,0.203233,0.077153,0.031450,0.371529
img_00982.jpg,0.057037,0.117547,0.037007,0.061401,0.113732,0.030363,0.018116,0.564797
img_00985.jpg,0.203183,0.016476,0.046578,0.087468,0.019552,0.328413,0.034464,0.263866
img_00999.jpg,0.476114,0.018533,0.032869,0.014294,0.056142,0.061599,0.066748,0.273701
img_01022.jpg,0.185202,0.104611,0.093906,0.119734,0.081812,0.199654,0.041688,0.173394
img_01031.jpg,0.484457,0.058036,0.120687,0.051318,0.139876,0.075333,0.010045,0.060248
img_01035.jpg,0.585804,0.064401,0.040279,0.054927,0.052106,0.118793,0.054595,0.029095
img_01043.jpg,0.484433,0.023485,0.032029,0.060947,0.159358,0.155224,0.011937,0.072587
img_01058.jpg,0.533649,0.113356,0.028646,0.023011,0.108529,0.035772,0.056074,0.100963
img_01059.jpg,0.176885,0.025517,0.053607,0.052788,0.151945,0.155317,0.044783,0.339158
img_01090.jpg,0.406234,0.122238,0.060139,0.034742,0.162773,0.033499,0.068648,0.111726
img_01102.jpg,0.210149,0.059026,0.037215,0.015521,0.075597,0.092890,0.041183,0.468419
img_01103.jpg,0.165233,0.239178,0.181721,0.044372,0.068401,0.115528,0.068149,0.117419
img_01116.jpg,0.358093,0.128425,0.058224,0.130105,0.054186,0.078372,0.040982,0.151612
img_01134.jpg,0.305112,0.043092,0.039610,0.209158,0.118504,0.196471,0.052165,0.035888
img_01142.jpg,0.588144,0.058895,0.059346,0.059201,0.042008,0.063991,0.038683,0.089732
img_01168.jpg,0.036893,0.017318,0.079808,0.031039,0.033850,0.190442,0.117577,0.493074
img_01171.jpg,0.049172,0.066429,0.227378,0.040537,0.076270,0.033344,0.066843,0.440027
img_01177.jpg,0.391492,0.136613,0.070932,0.090965,0.094757,0.089107,0.048012,0.078121
img_01179.jpg,0.132412,0.047917,0.058302,0.270154,0.011727,0.253628,0.060416,0.165444
img_01188.jpg,0.055539,0.080236,0.077790,0.088658,0.182288,0.240888,0.133359,0.141243
img_01198.jpg,0.536150,0.050029,0.097212,0.028391,0.085459,0.060359,0.073622,0.068778
img_01204.jpg,0.040542,0.016190,0.025658,0.011860,0.779886,0.085146,0.026073,0.014645
img_01208.jpg,0.170402,0.063786,0.112503,0.060296,0.336385,0.103690,0.049973,0.102965
img_01211.jpg,0.144424,0.134699,0.085471,0.178300,0.308599,0.028236,0.025859,0.094411
img_01213.jpg,0.640586,0.079339,0.015984,0.014401,0.027301,0.062026,0.039126,0.121237
img_01222.jpg,0.488199,0.043457,0.027989,0.166798,0.024925,0.072144,0.034225,0.142264
img_01224.jpg,0.131907,0.070911,0.083659,0.083180,0.093509,0.138223,0.075899,0.322712
img_01237.jpg,0.362251,0.033388,0.021520,0.017448,0.293982,0.075025,0.071116,0.125269
img_01249.jpg,0.341104,0.081220,0.053433,0.099173,0.075936,0.074184,0.048116,0.226834
img_01253.jpg,0.011059,0.038497,0.047112,0.045552,0.027274,0.045638,0.115558,0.669310
img_01286.jpg,0.745173,0.035762,0.011615,0.019367,0.055807,0.074069,0.027872,0.030335
img_01289.jpg,0.162200,0.030675,0.037681,0.033027,0.103914,0.102313,0.127679,0.402512
img_01325.jpg,0.423260,0.099700,0.028000,0.048972,0.229354,0.039677,0.040384,0.090652
img_01328.jpg,0.252726,0.074785,0.077948,0.027152,0.043651,0.249351,0.104453,0.169934
img_01366.jpg,0.097463,0.121302,0.029560,0.233740,0.048470,0.208686,0.065517,0.195262
img_01371.jpg,0.183593,0.080367,0.088863,0.042068,0.072451,0.183369,0.125251,0.224039
img_01373.jpg,0.284640,0.044743,0.032691,0.089586,0.194184,0.226553,0.019249,0.108353
img_01377.jpg,0.455626,0.064307,0.052812,0.046218,0.082228,0.125062,0.027104,0.146643
img_01379.jpg,0.383571,0.136937,0.019120,0.148629,0.062091,0.184478,0.021909,0.043266
img_01384.jpg,0.212358,0.040810,0.086234,0.033018,0.088563,0.347684,0.046484,0.144850
img_01388.jpg,0.645302,0.061302,0.022551,0.015375,0.089344,0.078514,0.042454,0.045159
img_01392.jpg,0.048722,0.062662,0.108659,0.067366,0.031935,0.094718,0.049987,0.535950
img_01399.jpg,0.041090,0.031069,0.061791,0.023394,0.069075,0.061103,0.038977,0.673503
img_01404.jpg,0.533938,0.069785,0.038884,0.223379,0.014095,0.051281,0.013811,0.054826
img_01405.jpg,0.394417,0.115740,0.060145,0.066424,0.139511,0.081451,0.063062,0.079250
img_01413.jpg,0.287815,0.093873,0.037003,0.147989,0.028226,0.179743,0.045944,0.179407
img_01426.jpg,0.416231,0.241510,0.030108,0.020917,0.140406,0.062770,0.008666,0.079393
img_01431.jpg,0.382322,0.093870,0.065411,0.134807,0.033057,0.054359,0.064083,0.172090
img_01441.jpg,0.071273,0.022613,0.027711,0.011256,0.021156,0.008353,0.037106,0.800531
img_01444.jpg,0.177906,0.087896,0.051645,0.031256,0.075403,0.158233,0.126260,0.291400
img_01490.jpg,0.033565,0.056062,0.140832,0.047155,0.062633,0.155602,0.048043,0.456108
img_01495.jpg,0.322187,0.059807,0.064622,0.088104,0.027735,0.111134,0.049839,0.276573
img_01505.jpg,0.037846,0.023497,0.034894,0.008631,0.795547,0.051262,0.030743,0.017580
img_01511.jpg,0.508068,0.028086,0.024024,0.036786,0.131238,0.167192,0.013356,0.091250
img_01519.jpg,0.022398,0.063964,0.032380,0.091156,0.108923,0.315681,0.112055,0.253444
img_01530.jpg,0.375376,0.055539,0.040583,0.035406,0.219452,0.136395,0.061916,0.075334
img_01537.jpg,0.443570,0.088890,0.078626,0.029586,0.196054,0.050990,0.023761,0.088523
img_01538.jpg,0.555571,0.070215,0.034587,0.039156,0.043331,0.175278,0.045005,0.036858
img_01541.jpg,0.051029,0.020495,0.031653,0.023509,0.663764,0.163518,0.023163,0.022869
img_01543.jpg,0.412066,0.033647,0.068302,0.023186,0.100114,0.074698,0.118417,0.169570
img_01548.jpg,0.562321,0.025272,0.051444,0.020350,0.186069,0.073472,0.028029,0.053043
img_01552.jpg,0.270493,0.132281,0.074668,0.038063,0.028302,0.023288,0.229570,0.203335
img_01561.jpg,0.054745,0.012769,0.108210,0.015418,0.556770,0.216473,0.013138,0.022476
img_01562.jpg,0.527896,0.016093,0.018413,0.013159,0.009972,0.048095,0.025327,0.341045
img_01571.jpg,0.034844,0.079575,0.205858,0.194460,0.089141,0.044626,0.176545,0.174951
img_01593.jpg,0.177272,0.028335,0.035596,0.037999,0.038586,0.095832,0.058169,0.528210
img_01595.jpg,0.048601,0.038999,0.041969,0.033681,0.535645,0.194739,0.072165,0.034201
img_01616.jpg,0.368425,0.065734,0.051285,0.018403,0.051167,0.017998,0.173380,0.253608
img_01618.jpg,0.814697,0.031422,0.010347,0.005434,0.031540,0.053098,0.010150,0.043312
img_01627.jpg,0.678051,0.062377,0.038086,0.037640,0.009905,0.048696,0.073194,0.052050
img_01632.jpg,0.324334,0.030001,0.103601,0.023891,0.305060,0.080721,0.044875,0.087517
img_01633.jpg,0.268943,0.054205,0.059376,0.046948,0.077745,0.163835,0.050066,0.278882
img_01640.jpg,0.704511,0.042553,0.016001,0.031021,0.097181,0.018000,0.036642,0.054090
img_01646.jpg,0.757471,0.034635,0.005297,0.010341,0.044013,0.046122,0.011313,0.090808
img_01647.jpg,0.239345,0.103324,0.190392,0.053050,0.243049,0.030614,0.093310,0.046916
img_01649.jpg,0.346088,0.093862,0.046922,0.069917,0.113266,0.238027,0.061524,0.030395
img_01657.jpg,0.074442,0.047750,0.076708,0.038257,0.025675,0.052960,0.035988,0.648219
img_01669.jpg,0.266512,0.119030,0.080290,0.141004,0.057602,0.050593,0.097506,0.187464
img_01673.jpg,0.353053,0.128136,0.106362,0.015237,0.061871,0.034246,0.081375,0.219719
img_01681.jpg,0.449888,0.080751,0.226941,0.006594,0.112151,0.033340,0.041690,0.048646
img_01684.jpg,0.680878,0.045546,0.027317,0.019965,0.048665,0.043817,0.053841,0.079972
img_01685.jpg,0.094115,0.043418,0.140680,0.039341,0.135923,0.203560,0.038860,0.304103
img_01687.jpg,0.191873,0.025759,0.091744,0.043788,0.051167,0.072234,0.158630,0.364806
img_01688.jpg,0.031922,0.025202,0.051354,0.043099,0.099984,0.127055,0.167198,0.454188
img_01689.jpg,0.018516,0.082570,0.283856,0.062099,0.065057,0.124968,0.074657,0.288278
img_01716.jpg,0.206420,0.032242,0.017864,0.026096,0.432479,0.182253,0.024260,0.078387
img_01717.jpg,0.469101,0.100887,0.024013,0.045358,0.167897,0.044403,0.068474,0.079867
img_01724.jpg,0.536034,0.076019,0.095550,0.026917,0.085395,0.077533,0.020904,0.081648
img_01745.jpg,0.292552,0.098663,0.103297,0.066924,0.146689,0.100555,0.025023,0.166298
img_01771.jpg,0.425353,0.098762,0.034515,0.019385,0.134719,0.138960,0.076393,0.071913
img_01773.jpg,0.470223,0.019971,0.026124,0.011859,0.027963,0.185652,0.048858,0.209349
img_01781.jpg,0.481920,0.070250,0.034725,0.033914,0.079794,0.164944,0.029219,0.105235
img_01782.jpg,0.024841,0.027947,0.062319,0.022691,0.638848,0.085818,0.114691,0.022844
img_01802.jpg,0.105482,0.170058,0.164403,0.119046,0.113537,0.016705,0.248721,0.062048
img_01803.jpg,0.072976,0.063746,0.070165,0.052542,0.093241,0.094081,0.023638,0.529612
img_01824.jpg,0.189117,0.045162,0.098287,0.047155,0.042358,0.128004,0.074757,0.375162
img_01825.jpg,0.724938,0.050146,0.027370,0.014512,0.087320,0.025058,0.017106,0.053551
img_01831.jpg,0.742893,0.019183,0.014356,0.084054,0.014766,0.057302,0.020930,0.046515
img_01834.jpg,0.270560,0.059401,0.076725,0.030465,0.139344,0.115604,0.032354,0.275547
img_01847.jpg,0.136698,0.055739,0.036085,0.097275,0.052405,0.120026,0.084080,0.417692
img_01853.jpg,0.180498,0.050876,0.049850,0.035040,0.045878,0.036812,0.070446,0.530601
img_01856.jpg,0.439499,0.030437,0.029026,0.038659,0.068313,0.031631,0.089613,0.272822
img_01860.jpg,0.177475,0.034592,0.116694,0.025691,0.045843,0.138114,0.106234,0.355357
img_01862.jpg,0.501684,0.073445,0.083371,0.032153,0.073150,0.112256,0.016214,0.107726
img_01874.jpg,0.126565,0.032179,0.055529,0.056998,0.027801,0.156227,0.109042,0.435659
img_01888.jpg,0.126461,0.066186,0.071416,0.062293,0.098945,0.350459,0.092118,0.132122
img_01918.jpg,0.493265,0.044381,0.034274,0.014466,0.085290,0.064486,0.021949,0.241888
img_01930.jpg,0.547723,0.037718,0.018392,0.032889,0.218748,0.087771,0.017172,0.039587
img_01932.jpg,0.605319,0.116805,0.023976,0.028641,0.034994,0.098529,0.014374,0.077361
img_01955.jpg,0.006001,0.024677,0.038076,0.037892,0.024225,0.035917,0.112396,0.720815
img_01963.jpg,0.510103,0.016559,0.048004,0.017708,0.218347,0.027554,0.122104,0.039621
img_01966.jpg,0.626019,0.036095,0.021152,0.116581,0.053854,0.039149,0.048634,0.058516
img_01976.jpg,0.339093,0.174393,0.073079,0.079599,0.063647,0.041594,0.127781,0.100814
img_01983.jpg,0.189029,0.024577,0.089133,0.081329,0.088153,0.115270,0.022815,0.389694
img_01984.jpg,0.589917,0.141417,0.041744,0.036216,0.022478,0.043402,0.032408,0.092418
img_01995.jpg,0.075516,0.037625,0.121085,0.082565,0.097501,0.319222,0.139297,0.127190
img_01996.jpg,0.254680,0.025626,0.054444,0.048821,0.129482,0.259040,0.114807,0.113101
img_02001.jpg,0.234641,0.051788,0.072485,0.020474,0.037503,0.100497,0.091326,0.391286
img_02006.jpg,0.315144,0.113384,0.035780,0.089448,0.159082,0.132724,0.020413,0.134025
img_02066.jpg,0.281405,0.141181,0.059325,0.083371,0.117354,0.160590,0.036223,0.120552
img_02074.jpg,0.375001,0.051003,0.083932,0.140731,0.045521,0.121844,0.034546,0.147422
img_02076.jpg,0.510044,0.086933,0.036015,0.032093,0.130883,0.096087,0.047817,0.060128
img_02077.jpg,0.856071,0.023539,0.009398,0.010509,0.024823,0.028889,0.004948,0.041824
img_02078.jpg,0.085174,0.065282,0.091676,0.044639,0.547784,0.045234,0.040164,0.080047
img_02082.jpg,0.283957,0.041173,0.050024,0.017953,0.208753,0.109978,0.077270,0.210892
img_02083.jpg,0.303269,0.085941,0.031611,0.049988,0.384948,0.084030,0.042858,0.017354
img_02096.jpg,0.794376,0.006869,0.008473,0.004526,0.101399,0.016886,0.012531,0.054940
img_02119.jpg,0.501008,0.025568,0.030467,0.037296,0.176721,0.139260,0.025312,0.064367
img_02124.jpg,0.543592,0.016572,0.033675,0.019922,0.069397,0.095605,0.035606,0.185631
img_02135.jpg,0.218074,0.081922,0.054209,0.022065,0.216811,0.029513,0.182385,0.195020
img_02146.jpg,0.211669,0.064012,0.096685,0.055469,0.231196,0.167102,0.036095,0.137772
img_02159.jpg,0.209056,0.084047,0.034917,0.244847,0.125248,0.125288,0.015844,0.160753
img_02172.jpg,0.314197,0.078177,0.126043,0.046684,0.166691,0.094767,0.039981,0.133459
img_02180.jpg,0.174484,0.094396,0.058866,0.162104,0.029796,0.179419,0.112511,0.188424
img_02188.jpg,0.376526,0.054456,0.015086,0.021642,0.034290,0.253474,0.027028,0.217498
img_02194.jpg,0.810145,0.006237,0.018205,0.013792,0.089441,0.020684,0.005965,0.035532
img_02209.jpg,0.188477,0.040967,0.043669,0.024145,0.212815,0.364001,0.065953,0.059973
img_02216.jpg,0.034133,0.076962,0.112948,0.009747,0.572771,0.011412,0.070872,0.111155
img_02231.jpg,0.288038,0.077340,0.034077,0.059771,0.142016,0.250666,0.061642,0.086450
img_02235.jpg,0.212992,0.024763,0.050935,0.054546,0.104840,0.097818,0.062187,0.391919
img_02252.jpg,0.753948,0.016312,0.064213,0.025389,0.088101,0.005402,0.037117,0.009519
img_02268.jpg,0.206378,0.141046,0.068585,0.094882,0.054807,0.195808,0.054083,0.184410
img_02270.jpg,0.093372,0.101599,0.077413,0.223074,0.116153,0.209065,0.037951,0.141374
img_02281.jpg,0.342491,0.056370,0.032331,0.043914,0.142508,0.326660,0.014707,0.041019
img_02282.jpg,0.055395,0.058718,0.044705,0.053459,0.102581,0.023494,0.027440,0.634208
img_02285.jpg,0.510982,0.033490,0.020086,0.010968,0.259586,0.047205,0.019635,0.098047
img_02291.jpg,0.629485,0.039040,0.041995,0.020033,0.024758,0.033165,0.032826,0.178698
img_02299.jpg,0.567515,0.035994,0.021503,0.107943,0.025872,0.043898,0.043124,0.154151
img_02305.jpg,0.379493,0.043667,0.063645,0.055484,0.081316,0.100340,0.087960,0.188095
img_02307.jpg,0.129112,0.019485,0.109029,0.059702,0.038071,0.242874,0.049725,0.352002
img_02309.jpg,0.387425,0.114200,0.033674,0.071405,0.104296,0.052078,0.058306,0.178616
img_02318.jpg,0.624277,0.016333,0.022654,0.013221,0.143576,0.048147,0.048588,0.083204
img_02347.jpg,0.476108,0.079758,0.094829,0.023303,0.086599,0.075384,0.063633,0.100387
img_02356.jpg,0.136058,0.021711,0.061400,0.037735,0.031470,0.040108,0.306936,0.364582
img_02367.jpg,0.301854,0.094437,0.018623,0.075015,0.176246,0.258089,0.045639,0.030097
img_02372.jpg,0.324593,0.014560,0.023285,0.020754,0.509953,0.040785,0.037927,0.028143
img_02379.jpg,0.328295,0.030393,0.109733,0.004828,0.152893,0.031101,0.097093,0.245664
img_02384.jpg,0.232110,0.034083,0.048183,0.043470,0.026474,0.195146,0.054066,0.366467
img_02398.jpg,0.270991,0.078770,0.036910,0.087491,0.071425,0.271822,0.055034,0.127557
img_02400.jpg,0.117686,0.100163,0.139571,0.220857,0.074040,0.209530,0.038832,0.099322
img_02406.jpg,0.679823,0.052290,0.014703,0.041276,0.036614,0.090142,0.014498,0.070655
img_02412.jpg,0.359136,0.049538,0.050041,0.008215,0.037958,0.005259,0.041194,0.448659
img_02416.jpg,0.078000,0.112644,0.040005,0.049439,0.109102,0.063105,0.019567,0.528139
img_02422.jpg,0.128471,0.022993,0.034751,0.017900,0.012192,0.114372,0.036076,0.633246
img_02479.jpg,0.039077,0.047412,0.174905,0.048242,0.349969,0.056305,0.126946,0.157144
img_02486.jpg,0.279218,0.122899,0.101121,0.070305,0.060595,0.138033,0.122090,0.105739
img_02487.jpg,0.269467,0.057865,0.036308,0.022535,0.270616,0.027813,0.056668,0.258730
img_02507.jpg,0.264047,0.034734,0.047834,0.029424,0.066655,0.267711,0.018543,0.271051
img_02522.jpg,0.395092,0.143020,0.036110,0.039894,0.119911,0.106131,0.039329,0.120513
img_02540.jpg,0.275970,0.029546,0.115054,0.040118,0.046834,0.241387,0.054793,0.196298
img_02546.jpg,0.394147,0.021535,0.018657,0.009872,0.068914,0.038147,0.026921,0.421808
img_02556.jpg,0.170277,0.035664,0.054233,0.029379,0.020497,0.065710,0.159789,0.464451
img_02560.jpg,0.100565,0.133064,0.058367,0.069074,0.428625,0.143130,0.046939,0.020236
img_02563.jpg,0.102066,0.024475,0.093658,0.016828,0.546578,0.138639,0.029777,0.047979
img_02565.jpg,0.224736,0.039671,0.034152,0.008912,0.040921,0.069633,0.029974,0.552002
img_02573.jpg,0.042333,0.080519,0.036093,0.045925,0.053532,0.018129,0.030388,0.693082
img_02574.jpg,0.810906,0.027322,0.006169,0.014724,0.037667,0.062106,0.008018,0.033089
img_02602.jpg,0.469896,0.108439,0.023289,0.023064,0.124733,0.122352,0.059458,0.068769
img_02607.jpg,0.128704,0.146556,0.066563,0.063421,0.259354,0.241329,0.041628,0.052446
img_02622.jpg,0.496757,0.014113,0.015380,0.008172,0.045885,0.046620,0.066873,0.306199
img_02625.jpg,0.231448,0.018813,0.121005,0.029654,0.079691,0.241262,0.123040,0.155087
img_02636.jpg,0.227495,0.251381,0.035579,0.052775,0.160948,0.046231,0.039380,0.186212
img_02638.jpg,0.714287,0.024113,0.011260,0.024523,0.028470,0.081184,0.010594,0.105568
img_02641.jpg,0.383233,0.094467,0.049544,0.133090,0.103403,0.116327,0.028343,0.091593
img_02646.jpg,0.321518,0.043655,0.017328,0.035064,0.062447,0.227585,0.019617,0.272786
img_02648.jpg,0.068324,0.064542,0.101287,0.035950,0.278679,0.092475,0.052957,0.305785
img_02651.jpg,0.213397,0.034218,0.152107,0.030784,0.169153,0.190361,0.116313,0.093667
img_02656.jpg,0.204763,0.179775,0.031384,0.117345,0.036574,0.147398,0.141884,0.140877
img_02666.jpg,0.454677,0.032712,0.086519,0.018229,0.176079,0.108890,0.051548,0.071346
img_02679.jpg,0.453681,0.058118,0.083564,0.043676,0.052307,0.083348,0.033873,0.191433
img_02687.jpg,0.406971,0.021454,0.058357,0.011002,0.182672,0.025541,0.111216,0.182786
img_02699.jpg,0.447533,0.043572,0.043042,0.029879,0.203643,0.098488,0.065809,0.068035
img_02702.jpg,0.480563,0.016613,0.030571,0.010947,0.337524,0.017759,0.025492,0.080532
img_02703.jpg,0.035540,0.027053,0.091278,0.076838,0.054940,0.095960,0.146145,0.472246
img_02709.jpg,0.377971,0.112940,0.046726,0.061118,0.076389,0.162837,0.024440,0.137579
img_02726.jpg,0.140999,0.037696,0.095511,0.112378,0.115342,0.080934,0.076947,0.340192
img_02733.jpg,0.260031,0.092844,0.064092,0.141870,0.122113,0.178302,0.045638,0.095111
img_02734.jpg,0.431987,0.090174,0.042383,0.022418,0.071577,0.202518,0.061305,0.077638
img_02739.jpg,0.478059,0.065179,0.033684,0.075103,0.142219,0.041708,0.052253,0.111794
img_02749.jpg,0.537090,0.031787,0.043208,0.098798,0.053150,0.145996,0.050620,0.039350
img_02759.jpg,0.089712,0.054976,0.109067,0.022262,0.155518,0.102853,0.032921,0.432691
img_02764.jpg,0.546200,0.022961,0.030648,0.021818,0.233102,0.083409,0.013736,0.048127
img_02766.jpg,0.550780,0.084920,0.046829,0.013725,0.034555,0.012729,0.124899,0.131564
img_02769.jpg,0.023207,0.092606,0.178904,0.079575,0.050919,0.172985,0.048060,0.353744
img_02771.jpg,0.338829,0.203916,0.067920,0.091652,0.019436,0.122846,0.045606,0.109794
img_02789.jpg,0.202711,0.042180,0.076908,0.020440,0.349534,0.132010,0.093817,0.082401
img_02799.jpg,0.521927,0.073963,0.040221,0.033870,0.191966,0.036699,0.043299,0.058055
img_02808.jpg,0.383357,0.049035,0.040088,0.133935,0.032844,0.173068,0.028900,0.158774
img_02811.jpg,0.542597,0.030175,0.035462,0.171248,0.041110,0.115812,0.027524,0.036073
img_02830.jpg,0.056011,0.029988,0.069903,0.023556,0.084580,0.082923,0.035728,0.617310
img_02834.jpg,0.367749,0.026239,0.009205,0.015596,0.065870,0.105597,0.036777,0.372967
img_02837.jpg,0.067056,0.132956,0.077856,0.190111,0.032994,0.085087,0.329164,0.084776
img_02838.jpg,0.316352,0.071838,0.030024,0.115360,0.194457,0.097777,0.046542,0.127651
img_02842.jpg,0.774918,0.007344,0.015317,0.004205,0.054865,0.058716,0.032133,0.052502
img_02857.jpg,0.486354,0.036376,0.008005,0.024409,0.303638,0.012967,0.019097,0.109154
img_02865.jpg,0.113752,0.015573,0.015833,0.009034,0.718400,0.081232,0.031857,0.014318
img_02871.jpg,0.082071,0.024390,0.015275,0.021945,0.034513,0.166836,0.030914,0.624056
img_02876.jpg,0.028574,0.056580,0.102589,0.067051,0.043257,0.029803,0.049278,0.622868
img_02889.jpg,0.358693,0.107627,0.091158,0.089903,0.049479,0.145371,0.044694,0.113075
img_02890.jpg,0.186647,0.100788,0.037136,0.178189,0.031625,0.246828,0.051064,0.167722
img_02899.jpg,0.141869,0.072920,0.060065,0.154013,0.058393,0.292210,0.043535,0.176996
img_02904.jpg,0.579991,0.052411,0.084356,0.096198,0.030142,0.099148,0.033043,0.024711
img_02911.jpg,0.357116,0.059885,0.027887,0.040883,0.230616,0.184886,0.018047,0.080681
img_02916.jpg,0.547297,0.042938,0.107640,0.031784,0.165846,0.052106,0.011398,0.040991
img_02920.jpg,0.727029,0.064486,0.022023,0.015155,0.021495,0.061035,0.020226,0.068551
img_02943.jpg,0.356847,0.045911,0.047042,0.121969,0.041235,0.189223,0.044143,0.153630
img_02949.jpg,0.583543,0.018921,0.036333,0.052071,0.121485,0.124573,0.029098,0.033975
img_02954.jpg,0.224065,0.040781,0.079883,0.011356,0.387450,0.067184,0.093458,0.095823
img_02956.jpg,0.379417,0.071644,0.058056,0.053320,0.112887,0.050645,0.072058,0.201972
img_02964.jpg,0.115186,0.020875,0.049622,0.009674,0.113826,0.075999,0.016212,0.598607
img_02974.jpg,0.282758,0.110923,0.034019,0.048827,0.199346,0.082098,0.066584,0.175446
img_02977.jpg,0.447764,0.108712,0.026613,0.035751,0.174331,0.041756,0.040798,0.124275
img_02993.jpg,0.025820,0.075376,0.256380,0.043767,0.084771,0.110234,0.047872,0.355779
img_03014.jpg,0.352675,0.028172,0.007620,0.016541,0.434899,0.067388,0.012853,0.079853
img_03043.jpg,0.022878,0.090983,0.314664,0.038494,0.079717,0.100017,0.073413,0.279834
img_03055.jpg,0.502522,0.080477,0.040252,0.118104,0.098546,0.083144,0.028260,0.048695
img_03064.jpg,0.138229,0.029677,0.040346,0.024600,0.073628,0.040771,0.096195,0.556554
img_03069.jpg,0.284489,0.031605,0.109388,0.058526,0.063610,0.085346,0.050776,0.316261
img_03074.jpg,0.709009,0.060409,0.017138,0.017245,0.020049,0.094144,0.028593,0.053412
img_03078.jpg,0.877509,0.014583,0.005826,0.018001,0.012814,0.015470,0.009303,0.046494
img_03080.jpg,0.659366,0.036241,0.012967,0.020807,0.159971,0.024733,0.060165,0.025751
img_03082.jpg,0.850943,0.033540,0.003586,0.007161,0.016599,0.009493,0.020234,0.058445
img_03087.jpg,0.034335,0.112368,0.062306,0.081851,0.592088,0.082965,0.021877,0.012210
img_03116.jpg,0.129351,0.060492,0.197480,0.042921,0.083624,0.062530,0.164116,0.259486
img_03128.jpg,0.311443,0.027344,0.033405,0.035431,0.053362,0.186506,0.090826,0.261683
img_03135.jpg,0.397834,0.019995,0.037526,0.028626,0.032651,0.052724,0.049846,0.380797
img_03140.jpg,0.518995,0.054772,0.030469,0.015563,0.115387,0.090947,0.041298,0.132568
img_03166.jpg,0.149935,0.145972,0.173501,0.104151,0.138808,0.015721,0.163511,0.108400
img_03169.jpg,0.082317,0.047399,0.035202,0.011896,0.052437,0.058587,0.019265,0.692898
img_03181.jpg,0.572128,0.083980,0.014034,0.023108,0.072060,0.124388,0.044124,0.066178
img_03195.jpg,0.047800,0.076238,0.079261,0.123219,0.052175,0.200184,0.164318,0.256804
img_03199.jpg,0.376898,0.036058,0.036549,0.012912,0.163929,0.029743,0.048688,0.295224
img_03210.jpg,0.055859,0.068573,0.083385,0.035434,0.085433,0.054117,0.045440,0.571759
img_03220.jpg,0.469946,0.163778,0.020978,0.017251,0.140538,0.058479,0.077045,0.051985
img_03222.jpg,0.920693,0.012324,0.003815,0.003431,0.004444,0.008564,0.006209,0.040520
img_03223.jpg,0.147538,0.153755,0.141021,0.069560,0.070887,0.083781,0.258585,0.074873
img_03228.jpg,0.376459,0.108496,0.029848,0.044948,0.029919,0.183437,0.036208,0.190684
img_03229.jpg,0.148320,0.097433,0.064089,0.019140,0.103459,0.127653,0.132631,0.307275
img_03231.jpg,0.353078,0.054876,0.028672,0.084289,0.206398,0.150270,0.025774,0.096643
img_03238.jpg,0.481160,0.023923,0.013717,0.015985,0.042119,0.120735,0.034292,0.268070
img_03239.jpg,0.109000,0.139420,0.047912,0.129346,0.123920,0.035289,0.296734,0.118380
img_03252.jpg,0.474271,0.075480,0.028545,0.033750,0.076240,0.019836,0.063095,0.228784
img_03254.jpg,0.521154,0.025358,0.034882,0.021204,0.097242,0.140731,0.032944,0.126484
img_03260.jpg,0.388290,0.116708,0.029843,0.112995,0.051417,0.199946,0.030338,0.070463
img_03261.jpg,0.296998,0.100804,0.080133,0.073457,0.260976,0.071814,0.036561,0.079257
img_03270.jpg,0.031772,0.012585,0.063816,0.059963,0.069332,0.159216,0.216854,0.386460
img_03283.jpg,0.528409,0.055083,0.025704,0.012414,0.015165,0.091834,0.012699,0.258692
img_03290.jpg,0.112208,0.016939,0.066675,0.014669,0.046687,0.075893,0.107509,0.559419
img_03297.jpg,0.474144,0.071603,0.061295,0.056463,0.117314,0.143739,0.025617,0.049825
img_03310.jpg,0.599658,0.133210,0.047575,0.021206,0.077886,0.077930,0.015075,0.027461
img_03312.jpg,0.569311,0.038087,0.026505,0.028755,0.061266,0.096292,0.048659,0.131126
img_03324.jpg,0.096575,0.065366,0.130048,0.081203,0.187967,0.129608,0.091799,0.217433
img_03333.jpg,0.466934,0.025318,0.036974,0.032477,0.022580,0.169834,0.060643,0.185240
img_03342.jpg,0.311770,0.070628,0.025744,0.051651,0.048942,0.033252,0.108937,0.349076
img_03346.jpg,0.244123,0.144576,0.052171,0.033915,0.031484,0.319347,0.068974,0.105409
img_03355.jpg,0.542499,0.010319,0.013426,0.006976,0.012883,0.063749,0.032383,0.317765
img_03361.jpg,0.348127,0.134790,0.041008,0.023035,0.284103,0.091120,0.026832,0.050984
img_03370.jpg,0.427416,0.052549,0.012517,0.015972,0.040716,0.083716,0.064657,0.302458
img_03399.jpg,0.414404,0.128159,0.033827,0.048796,0.146413,0.123738,0.023148,0.081516
img_03410.jpg,0.354200,0.078954,0.070908,0.032115,0.171661,0.064306,0.069429,0.158427
img_03422.jpg,0.523809,0.039897,0.031566,0.077360,0.025421,0.138557,0.023777,0.139613
img_03426.jpg,0.344363,0.065009,0.071430,0.047303,0.175114,0.079713,0.033354,0.183715
img_03439.jpg,0.675583,0.027725,0.017920,0.111960,0.027276,0.064031,0.040800,0.034703
img_03440.jpg,0.071183,0.017073,0.061015,0.010274,0.047564,0.039598,0.041029,0.712263
img_03444.jpg,0.490241,0.051972,0.027634,0.039601,0.145740,0.069137,0.028172,0.147504
img_03445.jpg,0.129790,0.081817,0.073362,0.024772,0.426047,0.043734,0.078652,0.141826
img_03446.jpg,0.091731,0.067931,0.094373,0.033762,0.049686,0.078045,0.035121,0.549352
img_03452.jpg,0.157135,0.193264,0.037421,0.053470,0.354049,0.100118,0.046634,0.057909
img_03454.jpg,0.610891,0.027639,0.047538,0.005725,0.076505,0.033616,0.031813,0.166273
img_03456.jpg,0.211092,0.037070,0.008876,0.019875,0.549659,0.072943,0.022172,0.078313
img_03457.jpg,0.464000,0.088351,0.055765,0.031212,0.169833,0.083919,0.017754,0.089166
img_03471.jpg,0.432892,0.098246,0.040504,0.032343,0.107861,0.077443,0.033036,0.177674
img_03475.jpg,0.188444,0.015462,0.017040,0.018514,0.646479,0.045812,0.012104,0.056144
img_03488.jpg,0.772897,0.078557,0.026930,0.012125,0.027574,0.028108,0.027817,0.025992
img_03490.jpg,0.077825,0.099557,0.042258,0.046233,0.104453,0.046038,0.018803,0.564834
img_03502.jpg,0.071929,0.046302,0.085796,0.059986,0.032766,0.239925,0.057607,0.405689
img_03504.jpg,0.508869,0.053745,0.026928,0.023563,0.160245,0.138788,0.039313,0.048549
img_03520.jpg,0.403373,0.094183,0.052287,0.053684,0.086866,0.223728,0.032624,0.053254
img_03527.jpg,0.071602,0.060169,0.124173,0.070865,0.064282,0.128640,0.050252,0.430019
img_03547.jpg,0.568278,0.094902,0.055787,0.073455,0.022421,0.123837,0.031275,0.030045
img_03548.jpg,0.291754,0.019028,0.020304,0.021520,0.024441,0.069552,0.079819,0.473582
img_03554.jpg,0.428570,0.073213,0.040409,0.041866,0.269573,0.042892,0.060810,0.042666
img_03563.jpg,0.684553,0.051694,0.009205,0.104147,0.017094,0.066086,0.016377,0.050843
img_03581.jpg,0.811070,0.014359,0.010552,0.074768,0.008420,0.034082,0.013674,0.033075
img_03584.jpg,0.084711,0.059420,0.140666,0.013695,0.213880,0.040301,0.097000,0.350327
img_03587.jpg,0.070242,0.057093,0.034626,0.020876,0.051248,0.082744,0.116413,0.566758
img_03588.jpg,0.435274,0.016014,0.045825,0.025405,0.119015,0.168867,0.058812,0.130789
img_03602.jpg,0.726328,0.009133,0.010409,0.004976,0.064014,0.073635,0.033168,0.078336
img_03627.jpg,0.567709,0.056205,0.031485,0.030489,0.044096,0.060856,0.027383,0.181777
img_03628.jpg,0.564822,0.044174,0.018738,0.007117,0.098169,0.014133,0.103605,0.149241
img_03652.jpg,0.546473,0.015983,0.057615,0.027861,0.141067,0.044746,0.011907,0.154349
img_03670.jpg,0.655090,0.013462,0.009413,0.006089,0.102356,0.017039,0.040434,0.156117
img_03674.jpg,0.135593,0.103313,0.108720,0.156219,0.202015,0.193403,0.067081,0.033657
img_03677.jpg,0.628549,0.056270,0.038373,0.041834,0.034122,0.101321,0.039316,0.060213
img_03711.jpg,0.337708,0.110857,0.067444,0.158240,0.075649,0.118476,0.059091,0.072533
img_03715.jpg,0.363538,0.125577,0.042955,0.069420,0.115864,0.094935,0.108922,0.078791
img_03718.jpg,0.508810,0.042207,0.041476,0.132977,0.045142,0.132192,0.033600,0.063596
img_03726.jpg,0.230173,0.045559,0.089888,0.068232,0.078659,0.077582,0.112103,0.297803
img_03739.jpg,0.012560,0.096774,0.141835,0.060866,0.028075,0.062955,0.109778,0.487158
img_03749.jpg,0.295391,0.020420,0.045819,0.039629,0.086334,0.068144,0.070310,0.373953
img_03750.jpg,0.100098,0.044954,0.051883,0.027768,0.127772,0.101427,0.133991,0.412107
img_03760.jpg,0.259142,0.021943,0.034515,0.023115,0.046915,0.198103,0.092196,0.324070
img_03764.jpg,0.639512,0.074297,0.043115,0.037053,0.024574,0.064305,0.034986,0.082158
img_03776.jpg,0.145302,0.057876,0.203121,0.144552,0.199950,0.111600,0.046227,0.091373
img_03801.jpg,0.662158,0.031905,0.024328,0.020328,0.066705,0.037681,0.017993,0.138901
img_03805.jpg,0.684075,0.075488,0.023430,0.029596,0.024247,0.049180,0.046506,0.067477
img_03809.jpg,0.440107,0.055659,0.023241,0.029681,0.233713,0.113484,0.034898,0.069217
img_03825.jpg,0.751103,0.060742,0.017667,0.026568,0.039165,0.070976,0.012828,0.020951
