image,ALB,BET,DOL,LAG,NoF,OTHER,SHARK,YFT
img_00005.jpg,0.087098,0.004206,0.009426,0.000846,0.879033,0.006989,0.006296,0.006107
img_00007.jpg,0.375150,0.103512,0.008092,0.035827,0.028863,0.063293,0.010049,0.375214
img_00009.jpg,0.510447,0.060687,0.012038,0.028378,0.054682,0.266360,0.008822,0.058586
img_00018.jpg,0.713936,0.053371,0.006147,0.026749,0.009339,0.080079,0.004160,0.106219
img_00027.jpg,0.628789,0.028512,0.003695,0.002275,0.010163,0.075578,0.090242,0.160747
img_00030.jpg,0.305883,0.021964,0.008987,0.003649,0.557293,0.010294,0.034652,0.057277
img_00040.jpg,0.513523,0.027304,0.010165,0.002779,0.010308,0.059980,0.219299,0.156642
img_00046.jpg,0.803926,0.005212,0.006804,0.000551,0.151547,0.003946,0.015271,0.012743
img_00053.jpg,0.814156,0.014653,0.008314,0.004945,0.029679,0.095569,0.002083,0.030601
img_00071.jpg,0.427594,0.053143,0.005876,0.308919,0.068826,0.102854,0.013966,0.018822
img_00075.jpg,0.443767,0.116576,0.006792,0.020659,0.107564,0.196471,0.002444,0.105728
img_00102.jpg,0.367441,0.041158,0.019023,0.003869,0.007222,0.114113,0.081666,0.365508
img_00103.jpg,0.474233,0.036440,0.006198,0.081941,0.018335,0.297972,0.003501,0.081378
img_00109.jpg,0.713722,0.014279,0.005335,0.001245,0.220738,0.004592,0.015924,0.024166
img_00119.jpg,0.091170,0.016513,0.002955,0.001268,0.818150,0.025144,0.001810,0.042989
img_00120.jpg,0.317128,0.029404,0.016824,0.002601,0.015849,0.048708,0.134195,0.435293
img_00125.jpg,0.580202,0.043912,0.008874,0.034887,0.017273,0.105108,0.006586,0.203158
img_00128.jpg,0.024898,0.055027,0.157526,0.002694,0.009044,0.008295,0.002280,0.740234
img_00129.jpg,0.552629,0.043304,0.014306,0.004578,0.011989,0.056103,0.110561,0.206529
img_00133.jpg,0.240279,0.066308,0.004081,0.042598,0.314131,0.260322,0.003199,0.069082
img_00138.jpg,0.547063,0.040319,0.016587,0.015656,0.104475,0.076032,0.005674,0.194195
img_00141.jpg,0.032533,0.030904,0.108332,0.002652,0.005661,0.007485,0.002115,0.810318
img_00152.jpg,0.106493,0.044088,0.016599,0.015791,0.004439,0.032816,0.006508,0.773266
img_00161.jpg,0.045040,0.011201,0.016488,0.001158,0.110088,0.105600,0.007831,0.702594
img_00164.jpg,0.019941,0.008568,0.012159,0.002417,0.536401,0.069940,0.011303,0.339270
img_00170.jpg,0.634888,0.039145,0.009320,0.055381,0.061306,0.139769,0.003913,0.056278
img_00171.jpg,0.430136,0.028784,0.019066,0.092578,0.072376,0.281886,0.004589,0.070586
img_00172.jpg,0.077852,0.005812,0.004323,0.001405,0.890308,0.007222,0.002103,0.010975
img_00175.jpg,0.424980,0.032879,0.013828,0.083793,0.066551,0.298581,0.008152,0.071236
img_00180.jpg,0.410191,0.009876,0.041580,0.012101,0.036867,0.051558,0.075142,0.362685
img_00196.jpg,0.060502,0.010978,0.002286,0.000528,0.872807,0.019275,0.001689,0.031936
img_00212.jpg,0.458798,0.007053,0.017452,0.002798,0.129507,0.026645,0.015774,0.341972
img_00223.jpg,0.648803,0.022781,0.046744,0.014831,0.030349,0.113897,0.004901,0.117693
img_00230.jpg,0.696109,0.045607,0.011514,0.007307,0.002727,0.056183,0.008182,0.172371
img_00232.jpg,0.029703,0.070404,0.003334,0.002519,0.083369,0.006511,0.799388,0.004772
img_00244.jpg,0.619037,0.111893,0.003067,0.019836,0.033277,0.138585,0.007419,0.066885
img_00272.jpg,0.559948,0.116681,0.062305,0.013772,0.024706,0.102806,0.004329,0.115453
img_00280.jpg,0.481123,0.013879,0.029294,0.001900,0.402779,0.033913,0.000848,0.036265
img_00282.jpg,0.532002,0.028145,0.009312,0.058185,0.057322,0.266154,0.003645,0.045235
img_00285.jpg,0.382430,0.034261,0.019840,0.005478,0.030022,0.044973,0.200258,0.282737
img_00289.jpg,0.552548,0.035679,0.003117,0.001365,0.325903,0.033430,0.002073,0.045886
img_00292.jpg,0.371591,0.045523,0.009439,0.005508,0.013466,0.103377,0.112068,0.339028
img_00302.jpg,0.436208,0.032528,0.010151,0.004372,0.007289,0.099368,0.171481,0.238602
img_00311.jpg,0.749475,0.067455,0.006951,0.002256,0.108242,0.013463,0.002636,0.049522
img_00320.jpg,0.914255,0.020869,0.012094,0.000443,0.014806,0.003447,0.002064,0.032021
img_00331.jpg,0.488610,0.031293,0.015900,0.004020,0.022652,0.107538,0.138132,0.191856
img_00358.jpg,0.331974,0.028569,0.005581,0.004169,0.011191,0.201790,0.100369,0.316357
img_00374.jpg,0.549255,0.030200,0.008339,0.018418,0.004898,0.098289,0.001558,0.289043
img_00375.jpg,0.288778,0.042871,0.024570,0.014892,0.303216,0.256405,0.003143,0.066124
img_00376.jpg,0.676998,0.013158,0.014408,0.001912,0.029786,0.035528,0.070208,0.158002
img_00380.jpg,0.745389,0.014565,0.004572,0.004133,0.105158,0.090945,0.003493,0.031746
img_00383.jpg,0.753859,0.054950,0.007211,0.003148,0.057502,0.011395,0.008837,0.103098
img_00398.jpg,0.616057,0.017247,0.006817,0.001785,0.215531,0.031762,0.037973,0.072828
img_00407.jpg,0.517461,0.043612,0.031155,0.121680,0.024112,0.121397,0.004522,0.136061
img_00417.jpg,0.492643,0.006597,0.016827,0.003491,0.142928,0.029908,0.013650,0.293957
img_00432.jpg,0.344144,0.011178,0.079626,0.018632,0.133446,0.342610,0.008550,0.061815
img_00442.jpg,0.070820,0.025848,0.061067,0.001681,0.017161,0.023435,0.007737,0.792250
img_00446.jpg,0.790927,0.030418,0.001288,0.006236,0.060263,0.092168,0.002254,0.016447
img_00469.jpg,0.661133,0.090319,0.004036,0.022992,0.048478,0.103318,0.006701,0.063023
img_00473.jpg,0.815313,0.004996,0.009941,0.002258,0.066754,0.007265,0.006239,0.087234
img_00483.jpg,0.665941,0.011339,0.007244,0.002306,0.120724,0.003914,0.004069,0.184462
img_00484.jpg,0.651714,0.056103,0.003461,0.011337,0.085138,0.144471,0.006999,0.040777
img_00486.jpg,0.699675,0.055184,0.013938,0.019038,0.062126,0.077379,0.003499,0.069162
img_00487.jpg,0.121054,0.026658,0.005310,0.006773,0.733983,0.008771,0.068595,0.028856
img_00493.jpg,0.249665,0.057659,0.009183,0.013783,0.373235,0.113496,0.039509,0.143470
img_00518.jpg,0.741087,0.006030,0.016413,0.002124,0.149593,0.029856,0.032527,0.022369
img_00533.jpg,0.374567,0.034905,0.009864,0.007794,0.015166,0.088636,0.128509,0.340560
img_00538.jpg,0.516416,0.035108,0.006464,0.040143,0.050529,0.126719,0.002398,0.222222
img_00543.jpg,0.835848,0.041408,0.003676,0.001212,0.068126,0.008952,0.002228,0.038550
img_00550.jpg,0.372220,0.012824,0.163177,0.016568,0.130113,0.240886,0.006935,0.057278
img_00551.jpg,0.668071,0.019257,0.010746,0.046690,0.048433,0.157663,0.004130,0.045009
img_00564.jpg,0.043314,0.006298,0.008603,0.002447,0.767168,0.142836,0.006473,0.022861
img_00575.jpg,0.472609,0.045188,0.007424,0.003553,0.014097,0.062302,0.107990,0.286837
img_00582.jpg,0.605447,0.050207,0.003647,0.006616,0.060130,0.215938,0.003848,0.054169
img_00584.jpg,0.905099,0.001914,0.002291,0.000296,0.062492,0.004129,0.001509,0.022270
img_00587.jpg,0.530934,0.030520,0.006354,0.002897,0.021083,0.058783,0.086202,0.263228
img_00590.jpg,0.416183,0.029450,0.013362,0.002370,0.018065,0.044436,0.074472,0.401661
img_00591.jpg,0.466644,0.018370,0.018268,0.001448,0.009956,0.038387,0.031213,0.415715
img_00598.jpg,0.785809,0.022049,0.004228,0.018514,0.004705,0.084620,0.000888,0.079188
img_00599.jpg,0.394789,0.026117,0.006518,0.001231,0.014210,0.040474,0.203911,0.312750
img_00612.jpg,0.424500,0.044575,0.006655,0.003882,0.028873,0.222370,0.104997,0.164150
img_00618.jpg,0.607386,0.010890,0.001547,0.000692,0.346017,0.009670,0.001880,0.021918
img_00620.jpg,0.895697,0.010325,0.002907,0.003613,0.034817,0.013679,0.001007,0.037956
img_00642.jpg,0.296525,0.174078,0.029530,0.233389,0.019100,0.058251,0.012516,0.176610
img_00646.jpg,0.118052,0.105131,0.056014,0.002211,0.006854,0.027877,0.005302,0.678560
img_00648.jpg,0.786400,0.069091,0.005353,0.001649,0.073945,0.014633,0.002566,0.046363
img_00650.jpg,0.463159,0.030336,0.020500,0.007332,0.024784,0.178989,0.139730,0.135171
img_00654.jpg,0.533414,0.057137,0.033411,0.021832,0.046074,0.081192,0.004723,0.222216
img_00664.jpg,0.877312,0.016359,0.008024,0.000841,0.069249,0.002460,0.002316,0.023438
img_00667.jpg,0.102585,0.004753,0.001119,0.000494,0.855658,0.013139,0.001283,0.020969
img_00676.jpg,0.073991,0.018015,0.003354,0.001148,0.843738,0.027774,0.002788,0.029192
img_00697.jpg,0.030421,0.073018,0.178476,0.005865,0.013512,0.020521,0.004549,0.673638
img_00708.jpg,0.255002,0.034145,0.014318,0.003191,0.017213,0.128169,0.385707,0.162255
img_00716.jpg,0.179002,0.021107,0.005511,0.004207,0.007133,0.100759,0.296678,0.385603
img_00717.jpg,0.765378,0.037962,0.002927,0.028223,0.041770,0.065555,0.002398,0.055787
img_00718.jpg,0.692520,0.014957,0.008190,0.042712,0.051573,0.142353,0.002015,0.045680
img_00723.jpg,0.482903,0.070931,0.006089,0.002496,0.346261,0.013894,0.023222,0.054205
img_00724.jpg,0.439173,0.014647,0.013343,0.012464,0.076399,0.070818,0.188237,0.184918
img_00726.jpg,0.785242,0.012519,0.005250,0.001730,0.058000,0.009773,0.056277,0.071209
img_00729.jpg,0.665788,0.009020,0.023274,0.002696,0.217521,0.029067,0.030546,0.022087
img_00730.jpg,0.510775,0.020227,0.013058,0.002490,0.013672,0.057737,0.082933,0.299107
img_00757.jpg,0.835255,0.026057,0.011152,0.011111,0.039302,0.026288,0.003531,0.047306
img_00760.jpg,0.343825,0.105987,0.017377,0.186833,0.091349,0.089317,0.008727,0.156585
img_00763.jpg,0.151839,0.003089,0.002349,0.000162,0.698851,0.001969,0.000244,0.141496
img_00764.jpg,0.341088,0.018362,0.032502,0.000948,0.203909,0.036454,0.002630,0.364109
img_00765.jpg,0.192249,0.049957,0.009215,0.016782,0.030683,0.456017,0.035451,0.209647
img_00772.jpg,0.062005,0.078723,0.211716,0.002277,0.023418,0.007957,0.003831,0.610073
img_00773.jpg,0.708591,0.040758,0.026428,0.013255,0.046877,0.122665,0.004308,0.037118
img_00777.jpg,0.792587,0.063155,0.004362,0.011996,0.025360,0.079220,0.005388,0.017930
img_00780.jpg,0.082458,0.078220,0.082554,0.003474,0.012586,0.032547,0.009413,0.698747
img_00798.jpg,0.640243,0.070937,0.004474,0.019351,0.028630,0.116451,0.007469,0.112445
img_00808.jpg,0.834715,0.039017,0.004519,0.013475,0.005213,0.066081,0.000653,0.036327
img_00816.jpg,0.843446,0.006058,0.005970,0.001054,0.079547,0.003862,0.002279,0.057784
img_00828.jpg,0.016858,0.007026,0.006050,0.001755,0.873632,0.070838,0.004182,0.019659
img_00833.jpg,0.297766,0.027991,0.009391,0.003198,0.022303,0.215618,0.273675,0.150058
img_00837.jpg,0.523341,0.045267,0.014426,0.015164,0.005161,0.130686,0.003938,0.262018
img_00855.jpg,0.434772,0.086808,0.011469,0.063350,0.084441,0.149304,0.010122,0.159733
img_00857.jpg,0.908950,0.017707,0.008918,0.000293,0.033761,0.004319,0.001420,0.024631
img_00858.jpg,0.555566,0.022229,0.006055,0.007198,0.283557,0.047931,0.002313,0.075151
img_00865.jpg,0.645337,0.076311,0.011286,0.020263,0.007936,0.159143,0.003643,0.076081
img_00876.jpg,0.103304,0.022285,0.005788,0.001827,0.758434,0.041943,0.003401,0.063019
img_00889.jpg,0.140225,0.095863,0.072539,0.002410,0.031742,0.047431,0.003272,0.606518
img_00894.jpg,0.831284,0.011968,0.022896,0.001052,0.080447,0.009369,0.000581,0.042404
img_00902.jpg,0.054912,0.111779,0.003614,0.003234,0.114422,0.008015,0.699730,0.004293
img_00914.jpg,0.151542,0.043215,0.113351,0.003687,0.132665,0.030677,0.012911,0.511953
img_00921.jpg,0.607464,0.028778,0.015911,0.002932,0.014999,0.049089,0.074410,0.206417
img_00927.jpg,0.528295,0.019713,0.018238,0.003608,0.018308,0.041572,0.062540,0.307726
img_00943.jpg,0.526760,0.012744,0.017644,0.003677,0.136122,0.008162,0.012251,0.282641
img_00948.jpg,0.530861,0.008477,0.027408,0.004000,0.298923,0.041660,0.001810,0.086860
img_00950.jpg,0.506564,0.019123,0.099693,0.006096,0.269357,0.046154,0.006114,0.046900
img_00959.jpg,0.564148,0.021488,0.005572,0.003512,0.269992,0.071770,0.007185,0.056333
img_00962.jpg,0.037936,0.031372,0.125423,0.003087,0.006566,0.010514,0.003391,0.781710
img_00964.jpg,0.065954,0.044904,0.364870,0.003640,0.006987,0.018975,0.003085,0.491584
img_00966.jpg,0.355744,0.068475,0.034889,0.011228,0.204152,0.012174,0.025541,0.287798
img_00974.jpg,0.555152,0.048790,0.007605,0.172273,0.015997,0.076289,0.009843,0.114052
img_00979.jpg,0.033885,0.037588,0.149854,0.009039,0.001612,0.018530,0.012024,0.737469
img_00982.jpg,0.275441,0.435537,0.141187,0.002953,0.033445,0.026904,0.003984,0.080549
img_00985.jpg,0.403750,0.038020,0.006660,0.003750,0.007961,0.084259,0.106757,0.348844
img_00999.jpg,0.626375,0.009906,0.007799,0.001021,0.004722,0.030709,0.072791,0.246676
img_01022.jpg,0.624297,0.039062,0.001573,0.057770,0.087712,0.109758,0.002232,0.077595
img_01031.jpg,0.829196,0.010543,0.003683,0.002427,0.095970,0.031138,0.000598,0.026445
img_01035.jpg,0.714963,0.074844,0.003006,0.016040,0.085601,0.083116,0.003242,0.019187
img_01043.jpg,0.455821,0.103693,0.005786,0.027981,0.168062,0.087807,0.006836,0.144014
img_01058.jpg,0.587636,0.044329,0.014830,0.002065,0.066096,0.004628,0.003099,0.277317
img_01059.jpg,0.474248,0.045028,0.013746,0.010353,0.018440,0.149787,0.090685,0.197713
img_01090.jpg,0.414226,0.067402,0.007122,0.003458,0.420206,0.011041,0.001828,0.074719
img_01102.jpg,0.784368,0.091638,0.028255,0.003395,0.028933,0.020302,0.000515,0.042594
img_01103.jpg,0.402781,0.209081,0.018144,0.017665,0.006413,0.028046,0.014945,0.302926
img_01116.jpg,0.818397,0.020757,0.009804,0.026894,0.006099,0.041388,0.004623,0.072037
img_01134.jpg,0.612053,0.018535,0.012066,0.044313,0.062380,0.210521,0.001973,0.038159
img_01142.jpg,0.838870,0.023113,0.004433,0.002283,0.015798,0.021794,0.001747,0.091962
img_01168.jpg,0.180530,0.056411,0.018115,0.012388,0.047939,0.458549,0.095123,0.130946
img_01171.jpg,0.126348,0.007455,0.002331,0.000173,0.781423,0.001369,0.000347,0.080555
img_01177.jpg,0.850719,0.034803,0.003123,0.003113,0.030500,0.028960,0.002217,0.046566
img_01179.jpg,0.707300,0.021751,0.006141,0.037510,0.035555,0.142181,0.001967,0.047595
img_01188.jpg,0.235449,0.035110,0.006697,0.013647,0.037966,0.434275,0.038729,0.198127
img_01198.jpg,0.542824,0.052869,0.049689,0.001689,0.176614,0.026269,0.002380,0.147665
img_01204.jpg,0.088810,0.003201,0.000591,0.000243,0.875935,0.010548,0.001093,0.019579
img_01208.jpg,0.361124,0.010350,0.025888,0.001744,0.536886,0.012815,0.003486,0.047707
img_01211.jpg,0.762836,0.027067,0.005582,0.001778,0.052183,0.018390,0.004745,0.127419
img_01213.jpg,0.697819,0.067485,0.010817,0.019730,0.005991,0.111595,0.002639,0.083925
img_01222.jpg,0.701035,0.081061,0.002761,0.032688,0.020760,0.071479,0.011302,0.078913
img_01224.jpg,0.030722,0.028425,0.138740,0.003030,0.002122,0.005527,0.004481,0.786953
img_01237.jpg,0.409690,0.033736,0.010909,0.003382,0.376937,0.053140,0.049830,0.062376
img_01249.jpg,0.537087,0.028321,0.036413,0.043638,0.164328,0.121818,0.005913,0.062481
img_01253.jpg,0.062966,0.017389,0.025546,0.001219,0.113858,0.117917,0.007590,0.653516
img_01286.jpg,0.402924,0.077081,0.002922,0.010003,0.372597,0.093631,0.006094,0.034747
img_01289.jpg,0.346062,0.037573,0.018853,0.008002,0.023407,0.179522,0.137939,0.248643
img_01325.jpg,0.465413,0.121397,0.019810,0.003117,0.299645,0.019501,0.002425,0.068692
img_01328.jpg,0.510746,0.095473,0.013373,0.052053,0.008252,0.153997,0.005099,0.161007
img_01366.jpg,0.463220,0.025416,0.016955,0.079025,0.074981,0.238784,0.009863,0.091756
img_01371.jpg,0.529642,0.048472,0.035602,0.002734,0.192709,0.012363,0.000671,0.177808
img_01373.jpg,0.494288,0.019363,0.036169,0.004639,0.088676,0.117750,0.001214,0.237900
img_01377.jpg,0.635486,0.038209,0.016388,0.014160,0.101305,0.062840,0.003334,0.128278
img_01379.jpg,0.617249,0.072403,0.035894,0.006752,0.035816,0.127818,0.010283,0.093784
img_01384.jpg,0.485561,0.011238,0.100513,0.019577,0.094056,0.184141,0.011279,0.093634
img_01388.jpg,0.443395,0.192861,0.011667,0.009450,0.041832,0.234784,0.004054,0.061957
img_01392.jpg,0.055982,0.080373,0.261492,0.005279,0.025512,0.021592,0.003599,0.546172
img_01399.jpg,0.032421,0.036343,0.077092,0.003826,0.007455,0.015438,0.006375,0.821049
img_01404.jpg,0.682040,0.048545,0.004590,0.104017,0.028461,0.033705,0.001315,0.097328
img_01405.jpg,0.880324,0.018986,0.001393,0.006192,0.014045,0.052955,0.002853,0.023253
img_01413.jpg,0.485729,0.067252,0.013305,0.042923,0.107049,0.156742,0.007438,0.119563
img_01426.jpg,0.380081,0.458263,0.010168,0.002608,0.008990,0.025327,0.008113,0.106449
img_01431.jpg,0.379831,0.140745,0.015610,0.202050,0.064646,0.048660,0.010621,0.137838
img_01441.jpg,0.108994,0.034635,0.079632,0.001109,0.084846,0.143758,0.009689,0.537336
img_01444.jpg,0.388291,0.050030,0.009420,0.003985,0.024407,0.226520,0.116768,0.180578
img_01490.jpg,0.035358,0.027976,0.332982,0.004383,0.009453,0.016172,0.005658,0.568018
img_01495.jpg,0.567575,0.031045,0.009672,0.006238,0.001485,0.136353,0.002129,0.245504
img_01505.jpg,0.062796,0.003847,0.001328,0.000310,0.891674,0.016073,0.000912,0.023059
img_01511.jpg,0.695033,0.037140,0.007809,0.008923,0.051472,0.161028,0.002555,0.036040
img_01519.jpg,0.442906,0.030560,0.012873,0.005151,0.011599,0.127209,0.164215,0.205487
img_01530.jpg,0.606704,0.021511,0.028957,0.003274,0.240800,0.019878,0.001171,0.077704
img_01537.jpg,0.592445,0.020784,0.010121,0.002328,0.090622,0.227812,0.001802,0.054086
img_01538.jpg,0.639422,0.077033,0.004279,0.007413,0.021238,0.188774,0.004952,0.056889
img_01541.jpg,0.032211,0.008121,0.002538,0.001287,0.868296,0.054095,0.005836,0.027615
img_01543.jpg,0.582829,0.004717,0.021826,0.000434,0.246550,0.006536,0.003338,0.133770
img_01548.jpg,0.796421,0.006828,0.006845,0.001118,0.113086,0.003121,0.001917,0.070664
img_01552.jpg,0.859462,0.029941,0.018774,0.000932,0.025311,0.003819,0.003435,0.058327
img_01561.jpg,0.050631,0.011910,0.010280,0.001706,0.887063,0.008945,0.003546,0.025920
img_01562.jpg,0.407206,0.024645,0.020420,0.003013,0.011425,0.037635,0.121858,0.373798
img_01571.jpg,0.364887,0.021475,0.058757,0.003106,0.078948,0.016443,0.020360,0.436023
img_01593.jpg,0.394331,0.020552,0.023113,0.003510,0.011013,0.123185,0.062241,0.362057
img_01595.jpg,0.170037,0.002802,0.001750,0.001430,0.746576,0.009891,0.008821,0.058693
img_01616.jpg,0.496433,0.025073,0.031988,0.002748,0.112890,0.032493,0.102007,0.196368
img_01618.jpg,0.510561,0.218280,0.001663,0.009235,0.075560,0.124243,0.003051,0.057405
img_01627.jpg,0.692280,0.057131,0.017723,0.016192,0.010225,0.129940,0.007882,0.068628
img_01632.jpg,0.877521,0.009950,0.004729,0.000483,0.060172,0.002109,0.001848,0.043188
img_01633.jpg,0.532623,0.048695,0.008077,0.004122,0.015369,0.187947,0.060283,0.142883
img_01640.jpg,0.818427,0.055697,0.006952,0.001819,0.044727,0.009711,0.004384,0.058282
img_01646.jpg,0.739475,0.136206,0.005084,0.016095,0.018520,0.016326,0.003208,0.065085
img_01647.jpg,0.392930,0.039996,0.054293,0.008955,0.372606,0.009327,0.016363,0.105531
img_01649.jpg,0.713166,0.022917,0.002490,0.030794,0.154642,0.040749,0.021618,0.013623
img_01657.jpg,0.039665,0.084824,0.234862,0.003094,0.025113,0.013837,0.002677,0.595928
img_01669.jpg,0.306759,0.138307,0.020296,0.213045,0.086850,0.065416,0.014060,0.155268
img_01673.jpg,0.586743,0.027521,0.004132,0.002779,0.270961,0.041063,0.007643,0.059157
img_01681.jpg,0.390219,0.024992,0.011364,0.001106,0.281833,0.004320,0.006825,0.279341
img_01684.jpg,0.407163,0.058804,0.008324,0.053583,0.031199,0.120339,0.006115,0.314473
img_01685.jpg,0.252182,0.015129,0.153279,0.023149,0.212614,0.143532,0.007961,0.192154
img_01687.jpg,0.611500,0.032414,0.017565,0.004897,0.031011,0.040133,0.114528,0.147953
img_01688.jpg,0.327700,0.042312,0.014099,0.006453,0.021827,0.161600,0.125920,0.300089
img_01689.jpg,0.081679,0.081352,0.030077,0.003252,0.017227,0.038381,0.006658,0.741375
img_01716.jpg,0.021203,0.005345,0.004431,0.000649,0.922073,0.029195,0.004194,0.012909
img_01717.jpg,0.544269,0.054409,0.002814,0.001642,0.335693,0.017723,0.008472,0.034979
img_01724.jpg,0.585879,0.032501,0.017916,0.004104,0.079133,0.196729,0.003405,0.080332
img_01745.jpg,0.684786,0.035118,0.043245,0.007806,0.073321,0.077107,0.007846,0.070771
img_01771.jpg,0.751556,0.085558,0.009018,0.008447,0.011329,0.087149,0.003609,0.043334
img_01773.jpg,0.459616,0.029756,0.012068,0.001880,0.006894,0.041942,0.163398,0.284446
img_01781.jpg,0.276749,0.007432,0.002094,0.132281,0.176734,0.369697,0.003830,0.031183
img_01782.jpg,0.418821,0.007639,0.002789,0.001039,0.510765,0.009883,0.008999,0.040064
img_01802.jpg,0.688357,0.027871,0.011932,0.001769,0.158703,0.040995,0.020717,0.049656
img_01803.jpg,0.075820,0.064430,0.339205,0.003864,0.015971,0.014592,0.004751,0.481367
img_01824.jpg,0.561219,0.041990,0.008798,0.006067,0.017636,0.173353,0.050341,0.140595
img_01825.jpg,0.405133,0.299275,0.036912,0.005592,0.181144,0.028350,0.004142,0.039451
img_01831.jpg,0.618581,0.033410,0.004628,0.048321,0.057032,0.207644,0.003789,0.026594
img_01834.jpg,0.036832,0.027977,0.146005,0.002676,0.002647,0.010212,0.003625,0.770027
img_01847.jpg,0.302335,0.038921,0.012683,0.002876,0.005543,0.104267,0.073240,0.460136
img_01853.jpg,0.486287,0.025781,0.022560,0.006199,0.022088,0.054713,0.076249,0.306123
img_01856.jpg,0.891521,0.003304,0.002742,0.002460,0.051491,0.003402,0.003650,0.041429
img_01860.jpg,0.568095,0.018350,0.010378,0.002864,0.104950,0.040258,0.112607,0.142497
img_01862.jpg,0.678470,0.018082,0.013212,0.002798,0.075489,0.150255,0.001881,0.059814
img_01874.jpg,0.557768,0.029118,0.008288,0.002141,0.021073,0.077788,0.073839,0.229985
img_01888.jpg,0.219879,0.044239,0.011094,0.013735,0.049842,0.479831,0.030865,0.150515
img_01918.jpg,0.626609,0.069990,0.029538,0.080704,0.034644,0.047447,0.043649,0.067418
img_01930.jpg,0.691425,0.018182,0.005377,0.004435,0.124200,0.108050,0.003788,0.044542
img_01932.jpg,0.545167,0.132074,0.004804,0.027568,0.068329,0.124766,0.008601,0.088692
img_01955.jpg,0.070435,0.008265,0.039429,0.004342,0.324289,0.028979,0.022345,0.501917
img_01963.jpg,0.870879,0.002786,0.003131,0.001996,0.083709,0.005017,0.006345,0.026137
img_01966.jpg,0.703403,0.045588,0.010349,0.033441,0.004358,0.023104,0.004693,0.175063
img_01976.jpg,0.740943,0.054684,0.018917,0.001477,0.016068,0.005364,0.003297,0.159250
img_01983.jpg,0.325202,0.008681,0.042805,0.009896,0.530430,0.015174,0.008097,0.059715
img_01984.jpg,0.364587,0.103156,0.010303,0.019596,0.013767,0.088314,0.005088,0.395189
img_01995.jpg,0.113210,0.012417,0.005125,0.004564,0.038305,0.666266,0.042183,0.117930
img_01996.jpg,0.380326,0.030916,0.005223,0.005330,0.065484,0.391572,0.044535,0.076614
img_02001.jpg,0.413881,0.026762,0.013118,0.004313,0.040977,0.188898,0.107056,0.204995
img_02006.jpg,0.484242,0.018870,0.025984,0.011459,0.166246,0.241083,0.001408,0.050708
img_02066.jpg,0.552898,0.047194,0.027356,0.013771,0.108978,0.120286,0.005691,0.123826
img_02074.jpg,0.514967,0.053809,0.028438,0.094944,0.045245,0.109071,0.003659,0.149867
img_02076.jpg,0.534915,0.110020,0.007113,0.001681,0.224463,0.011566,0.002416,0.107827
img_02077.jpg,0.416262,0.041009,0.022833,0.090115,0.042671,0.279074,0.010727,0.097309
img_02078.jpg,0.156631,0.006961,0.053825,0.001183,0.587701,0.016803,0.004259,0.172638
img_02082.jpg,0.377005,0.012887,0.020520,0.005035,0.384673,0.012505,0.156511,0.030863
img_02083.jpg,0.157384,0.023393,0.002004,0.012896,0.668591,0.109078,0.002981,0.023672
img_02096.jpg,0.852358,0.007979,0.028863,0.001131,0.044211,0.007300,0.012065,0.046094
img_02119.jpg,0.617269,0.037028,0.063776,0.015988,0.041374,0.138234,0.007575,0.078756
img_02124.jpg,0.340982,0.017259,0.009096,0.003781,0.046016,0.431999,0.043829,0.107039
img_02135.jpg,0.215085,0.070824,0.003130,0.039937,0.588097,0.023809,0.031959,0.027159
img_02146.jpg,0.576351,0.029765,0.020642,0.007565,0.321897,0.010277,0.002791,0.030711
img_02159.jpg,0.402178,0.009373,0.045573,0.017229,0.235935,0.198586,0.003967,0.087159
img_02172.jpg,0.717913,0.030940,0.007195,0.002453,0.079988,0.098991,0.002285,0.060236
img_02180.jpg,0.568906,0.028696,0.010750,0.009404,0.015078,0.124703,0.064639,0.177823
img_02188.jpg,0.557086,0.025139,0.006883,0.001849,0.019833,0.057403,0.063374,0.268431
img_02194.jpg,0.842686,0.010180,0.001339,0.000511,0.111316,0.019815,0.000898,0.013256
img_02209.jpg,0.396332,0.017543,0.004207,0.003574,0.037411,0.361938,0.053457,0.125538
img_02216.jpg,0.160048,0.046275,0.046187,0.001691,0.284547,0.093334,0.007339,0.360580
img_02231.jpg,0.266997,0.051781,0.004743,0.048276,0.387375,0.180371,0.011690,0.048765
img_02235.jpg,0.128192,0.033815,0.004923,0.006504,0.022912,0.634070,0.057253,0.112330
img_02252.jpg,0.685387,0.013450,0.006532,0.001736,0.248433,0.004436,0.007056,0.032969
img_02268.jpg,0.841685,0.032273,0.009524,0.006049,0.038386,0.047113,0.003246,0.021724
img_02270.jpg,0.679800,0.021858,0.018888,0.010067,0.110016,0.084725,0.001745,0.072901
img_02281.jpg,0.323061,0.073199,0.004643,0.029579,0.355382,0.185395,0.010035,0.018706
img_02282.jpg,0.040859,0.025714,0.044190,0.002658,0.006070,0.007023,0.004796,0.868689
img_02285.jpg,0.931258,0.002669,0.002648,0.000351,0.041227,0.012686,0.006390,0.002772
img_02291.jpg,0.915159,0.017507,0.005779,0.000386,0.038800,0.002439,0.001022,0.018908
img_02299.jpg,0.663944,0.067679,0.003299,0.033733,0.012678,0.106297,0.011861,0.100509
img_02305.jpg,0.088907,0.052832,0.009085,0.007002,0.031354,0.632731,0.046558,0.131531
img_02307.jpg,0.311041,0.040735,0.006611,0.003449,0.008673,0.114222,0.071896,0.443372
img_02309.jpg,0.822859,0.035202,0.007324,0.001544,0.071874,0.012841,0.002793,0.045565
img_02318.jpg,0.265890,0.012588,0.015911,0.002636,0.288954,0.070825,0.003716,0.339479
img_02347.jpg,0.549063,0.039144,0.038631,0.001989,0.169600,0.018015,0.001351,0.182206
img_02356.jpg,0.355260,0.007364,0.106168,0.018192,0.059664,0.052107,0.126205,0.275040
img_02367.jpg,0.826633,0.018552,0.000925,0.008378,0.110533,0.020860,0.005439,0.008682
img_02372.jpg,0.051143,0.009799,0.012425,0.002997,0.856990,0.047491,0.004546,0.014609
img_02379.jpg,0.725240,0.017344,0.032436,0.008118,0.064159,0.020290,0.018537,0.113875
img_02384.jpg,0.445893,0.031608,0.005341,0.002781,0.010912,0.053285,0.112591,0.337588
img_02398.jpg,0.344029,0.035101,0.019206,0.109619,0.009042,0.277335,0.006445,0.199224
img_02400.jpg,0.501938,0.058511,0.052045,0.015021,0.086584,0.142266,0.003718,0.139918
img_02406.jpg,0.389624,0.035176,0.012997,0.102554,0.060926,0.348117,0.007956,0.042649
img_02412.jpg,0.609579,0.008062,0.003641,0.000500,0.120847,0.008654,0.002723,0.245994
img_02416.jpg,0.315062,0.372619,0.118296,0.003102,0.051902,0.043780,0.005190,0.090048
img_02422.jpg,0.233353,0.020279,0.011761,0.005569,0.006474,0.095808,0.227841,0.398916
img_02479.jpg,0.142616,0.025989,0.009083,0.004121,0.757678,0.013815,0.027370,0.019329
img_02486.jpg,0.572523,0.035785,0.023077,0.005460,0.016056,0.109323,0.004430,0.233345
img_02487.jpg,0.776139,0.007462,0.006325,0.001628,0.083896,0.004378,0.005689,0.114483
img_02507.jpg,0.380724,0.007262,0.146768,0.033268,0.117988,0.148502,0.014810,0.150678
img_02522.jpg,0.426424,0.136918,0.005728,0.104550,0.154439,0.117245,0.004218,0.050478
img_02540.jpg,0.444700,0.007763,0.089707,0.026282,0.151510,0.199852,0.011476,0.068710
img_02546.jpg,0.487473,0.027169,0.013183,0.001928,0.070485,0.019708,0.001554,0.378499
img_02556.jpg,0.571101,0.023600,0.007772,0.004383,0.008315,0.033135,0.065796,0.285897
img_02560.jpg,0.338249,0.061772,0.003657,0.036905,0.426954,0.044341,0.008503,0.079620
img_02563.jpg,0.071283,0.009262,0.016345,0.003422,0.833169,0.035937,0.003988,0.026593
img_02565.jpg,0.435341,0.039712,0.018241,0.005882,0.015879,0.090528,0.107523,0.286894
img_02573.jpg,0.242565,0.486858,0.113112,0.003535,0.017704,0.019977,0.004353,0.111897
img_02574.jpg,0.380442,0.061225,0.001759,0.015563,0.436440,0.066843,0.002840,0.034889
img_02602.jpg,0.582884,0.118952,0.003046,0.013238,0.016897,0.111995,0.003397,0.149591
img_02607.jpg,0.255948,0.022694,0.020738,0.053496,0.084535,0.152353,0.014350,0.395887
img_02622.jpg,0.580830,0.014992,0.002849,0.001467,0.044816,0.041897,0.134374,0.178775
img_02625.jpg,0.437136,0.023904,0.015538,0.006167,0.039478,0.271834,0.058553,0.147389
img_02636.jpg,0.371777,0.118590,0.030772,0.005565,0.094141,0.012199,0.007791,0.359164
img_02638.jpg,0.603806,0.032548,0.015160,0.012187,0.004007,0.169145,0.002459,0.160689
img_02641.jpg,0.904547,0.020824,0.002524,0.001212,0.012930,0.017756,0.001293,0.038915
img_02646.jpg,0.157351,0.017145,0.008656,0.025085,0.094398,0.166365,0.037107,0.493893
img_02648.jpg,0.285047,0.082309,0.071734,0.004783,0.037140,0.085019,0.005187,0.428780
img_02651.jpg,0.625791,0.003450,0.015902,0.000336,0.266147,0.008052,0.003000,0.077322
img_02656.jpg,0.465042,0.075732,0.007041,0.156148,0.015063,0.077998,0.005820,0.197156
img_02666.jpg,0.788234,0.005477,0.009077,0.000701,0.129255,0.003762,0.002435,0.061059
img_02679.jpg,0.463892,0.102172,0.008044,0.005797,0.391355,0.004012,0.000715,0.024014
img_02687.jpg,0.145173,0.008459,0.023005,0.003302,0.307755,0.065235,0.003438,0.443633
img_02699.jpg,0.531251,0.039215,0.009307,0.007942,0.170223,0.045752,0.073284,0.123025
img_02702.jpg,0.921089,0.003886,0.003952,0.000583,0.024794,0.000880,0.001899,0.042918
img_02703.jpg,0.268413,0.006590,0.103749,0.019407,0.069966,0.031647,0.097058,0.403169
img_02709.jpg,0.792753,0.042361,0.012388,0.014251,0.045343,0.037495,0.002760,0.052649
img_02726.jpg,0.237905,0.007903,0.060632,0.006996,0.601186,0.014987,0.004822,0.065569
img_02733.jpg,0.615719,0.050909,0.054838,0.030557,0.051889,0.167790,0.000773,0.027525
img_02734.jpg,0.720255,0.049380,0.002046,0.007870,0.066510,0.098011,0.003609,0.052319
img_02739.jpg,0.846929,0.034393,0.007168,0.001792,0.052308,0.007888,0.002410,0.047112
img_02749.jpg,0.628113,0.027101,0.004712,0.054723,0.095484,0.140495,0.005739,0.043633
img_02759.jpg,0.171113,0.138443,0.079171,0.003983,0.020861,0.093198,0.002836,0.490396
img_02764.jpg,0.853711,0.011661,0.002661,0.000544,0.087331,0.026252,0.001367,0.016474
img_02766.jpg,0.881371,0.021086,0.010540,0.000419,0.048294,0.002050,0.003021,0.033219
img_02769.jpg,0.168510,0.129087,0.049222,0.004787,0.024866,0.185370,0.001735,0.436423
img_02771.jpg,0.846225,0.061646,0.002699,0.008199,0.001645,0.022760,0.000756,0.056071
img_02789.jpg,0.388174,0.009157,0.029825,0.004720,0.348183,0.025005,0.167871,0.027066
img_02799.jpg,0.819954,0.033019,0.005244,0.003127,0.050979,0.014382,0.005762,0.067533
img_02808.jpg,0.620753,0.038450,0.015117,0.077188,0.025109,0.090157,0.001929,0.131296
img_02811.jpg,0.627613,0.017595,0.017001,0.062473,0.051747,0.175618,0.002692,0.045261
img_02830.jpg,0.190080,0.029539,0.012480,0.006838,0.007787,0.106555,0.211478,0.435242
img_02834.jpg,0.489089,0.040771,0.014324,0.002110,0.015539,0.126361,0.075420,0.236386
img_02837.jpg,0.419516,0.132124,0.019407,0.011058,0.075449,0.089471,0.035179,0.217795
img_02838.jpg,0.621691,0.097449,0.045034,0.008580,0.038790,0.093368,0.004428,0.090661
img_02842.jpg,0.328144,0.021560,0.006576,0.005375,0.049033,0.391995,0.070618,0.126698
img_02857.jpg,0.659787,0.088415,0.017410,0.001510,0.180672,0.013356,0.003713,0.035137
img_02865.jpg,0.077473,0.003744,0.001069,0.000353,0.878829,0.013699,0.001121,0.023711
img_02871.jpg,0.177251,0.025973,0.006024,0.005133,0.007664,0.138778,0.240846,0.398331
img_02876.jpg,0.117875,0.010421,0.096260,0.002908,0.051041,0.016668,0.004403,0.700423
img_02889.jpg,0.772864,0.032783,0.010403,0.012132,0.054783,0.040847,0.005195,0.070995
img_02890.jpg,0.525579,0.045839,0.010472,0.092805,0.057728,0.241039,0.005882,0.020656
img_02899.jpg,0.750091,0.032539,0.004825,0.059430,0.053914,0.059412,0.002630,0.037158
img_02904.jpg,0.892705,0.007797,0.004029,0.003339,0.014771,0.052785,0.000798,0.023775
img_02911.jpg,0.198208,0.114598,0.015598,0.023482,0.367747,0.220063,0.005331,0.054975
img_02916.jpg,0.816685,0.017094,0.009974,0.003975,0.066690,0.048225,0.000912,0.036445
img_02920.jpg,0.945621,0.019907,0.001408,0.003401,0.006803,0.013524,0.000833,0.008503
img_02943.jpg,0.830540,0.019899,0.004150,0.031715,0.006462,0.073653,0.001299,0.032282
img_02949.jpg,0.613588,0.019248,0.009833,0.009672,0.141435,0.104889,0.002003,0.099332
img_02954.jpg,0.322853,0.015515,0.035757,0.002156,0.224921,0.061277,0.015619,0.321902
img_02956.jpg,0.566156,0.040896,0.035137,0.003390,0.015407,0.018172,0.007138,0.313704
img_02964.jpg,0.015807,0.032295,0.070905,0.001618,0.001764,0.007328,0.001578,0.868704
img_02974.jpg,0.376907,0.069459,0.012549,0.002934,0.128616,0.005338,0.008128,0.396069
img_02977.jpg,0.734558,0.085701,0.002935,0.001099,0.133608,0.006100,0.001273,0.034727
img_02993.jpg,0.160825,0.111207,0.088192,0.003105,0.009926,0.062221,0.015302,0.549223
img_03014.jpg,0.022335,0.005173,0.002634,0.000576,0.897454,0.031972,0.001720,0.038135
img_03043.jpg,0.122846,0.146443,0.049205,0.005028,0.027299,0.049990,0.016173,0.583016
img_03055.jpg,0.536155,0.086424,0.007223,0.057363,0.008572,0.047235,0.005322,0.251706
img_03064.jpg,0.579152,0.013780,0.019486,0.003602,0.041838,0.052372,0.098924,0.190847
img_03069.jpg,0.398328,0.061094,0.009325,0.013241,0.053086,0.102699,0.175503,0.186722
img_03074.jpg,0.872089,0.060016,0.003030,0.021545,0.012386,0.011581,0.001004,0.018350
img_03078.jpg,0.711230,0.088736,0.014826,0.018892,0.004796,0.034735,0.003716,0.123069
img_03080.jpg,0.733419,0.009227,0.005479,0.003714,0.102840,0.007124,0.004407,0.133791
img_03082.jpg,0.558154,0.290504,0.007436,0.012157,0.010439,0.021328,0.002453,0.097530
img_03087.jpg,0.268181,0.060874,0.002829,0.010487,0.564212,0.046488,0.007842,0.039087
img_03116.jpg,0.397852,0.009618,0.003756,0.000222,0.456778,0.004104,0.001808,0.125861
img_03128.jpg,0.660559,0.010945,0.009012,0.002632,0.008959,0.034261,0.088854,0.184778
img_03135.jpg,0.611192,0.020770,0.006289,0.002584,0.018306,0.031801,0.086350,0.222707
img_03140.jpg,0.733761,0.030184,0.002081,0.005751,0.013168,0.129909,0.001654,0.083493
img_03166.jpg,0.592377,0.034501,0.014008,0.001622,0.228334,0.067369,0.022062,0.039728
img_03169.jpg,0.061624,0.096841,0.211615,0.006431,0.015017,0.011503,0.003497,0.593471
img_03181.jpg,0.415957,0.134236,0.012163,0.015374,0.038188,0.317327,0.004483,0.062271
img_03195.jpg,0.540677,0.037774,0.005012,0.002525,0.007890,0.069782,0.069209,0.267130
img_03199.jpg,0.681569,0.021696,0.011232,0.002715,0.017416,0.032511,0.111625,0.121235
img_03210.jpg,0.107787,0.090846,0.101038,0.003630,0.016411,0.016635,0.002824,0.660830
img_03220.jpg,0.637997,0.044009,0.001878,0.010898,0.205226,0.066433,0.003894,0.029664
img_03222.jpg,0.597749,0.112473,0.002271,0.028417,0.021671,0.191328,0.002051,0.044041
img_03223.jpg,0.620377,0.095930,0.015131,0.014236,0.017452,0.053881,0.038021,0.144972
img_03228.jpg,0.520858,0.045536,0.009022,0.109193,0.012839,0.171074,0.000862,0.130616
img_03229.jpg,0.447707,0.028481,0.009513,0.002121,0.007849,0.119225,0.140940,0.244165
img_03231.jpg,0.735227,0.041850,0.016534,0.018963,0.017863,0.045702,0.001570,0.122290
img_03238.jpg,0.572974,0.024772,0.008172,0.003820,0.014033,0.117348,0.101290,0.157593
img_03239.jpg,0.039856,0.104768,0.004927,0.002880,0.123490,0.006247,0.714066,0.003766
img_03252.jpg,0.852332,0.021305,0.009866,0.000819,0.073633,0.003238,0.001775,0.037031
img_03254.jpg,0.301396,0.014179,0.009001,0.003109,0.048466,0.457662,0.054863,0.111324
img_03260.jpg,0.486654,0.039405,0.039831,0.014274,0.032875,0.240412,0.007726,0.138824
img_03261.jpg,0.666048,0.060953,0.025836,0.006787,0.084721,0.058522,0.002238,0.094895
img_03270.jpg,0.264754,0.003804,0.046376,0.008250,0.023055,0.038340,0.057952,0.557470
img_03283.jpg,0.239056,0.109555,0.011288,0.026806,0.011311,0.119781,0.011249,0.470955
img_03290.jpg,0.375843,0.022235,0.027777,0.003054,0.012218,0.045143,0.036664,0.477066
img_03297.jpg,0.911512,0.011549,0.002100,0.005523,0.029946,0.011605,0.000874,0.026890
img_03310.jpg,0.598172,0.040352,0.002248,0.020215,0.058673,0.241880,0.001609,0.036850
img_03312.jpg,0.578492,0.084971,0.003914,0.012807,0.009312,0.164197,0.007989,0.138318
img_03324.jpg,0.037514,0.048728,0.243967,0.005389,0.002050,0.010010,0.004234,0.648107
img_03333.jpg,0.513614,0.036878,0.011732,0.004437,0.014652,0.177605,0.099060,0.142022
img_03342.jpg,0.561936,0.022077,0.005872,0.002279,0.009786,0.066896,0.059062,0.272091
img_03346.jpg,0.707712,0.083162,0.009440,0.017806,0.012444,0.115116,0.004171,0.050149
img_03355.jpg,0.441092,0.016786,0.008870,0.002529,0.003954,0.022272,0.085860,0.418636
img_03361.jpg,0.558338,0.324454,0.006628,0.010677,0.028828,0.018492,0.008034,0.044549
img_03370.jpg,0.742054,0.009162,0.002975,0.000909,0.001613,0.035668,0.035718,0.171900
img_03399.jpg,0.692162,0.078174,0.003609,0.021219,0.080420,0.103006,0.004269,0.017142
img_03410.jpg,0.644111,0.047927,0.005361,0.001176,0.240035,0.002979,0.001036,0.057375
img_03422.jpg,0.562994,0.043096,0.027426,0.112291,0.032093,0.124518,0.005271,0.092311
img_03426.jpg,0.694309,0.013130,0.006889,0.004347,0.157857,0.019706,0.011430,0.092333
img_03439.jpg,0.606676,0.023759,0.006215,0.057704,0.060564,0.203722,0.003861,0.037499
img_03440.jpg,0.037072,0.040927,0.178899,0.003372,0.003570,0.010680,0.004097,0.721383
img_03444.jpg,0.457520,0.114881,0.020180,0.020255,0.064509,0.094627,0.047940,0.180086
img_03445.jpg,0.435413,0.008183,0.010525,0.004533,0.472586,0.005213,0.008417,0.055129
img_03446.jpg,0.047320,0.046889,0.297426,0.004613,0.010721,0.016170,0.004431,0.572430
img_03452.jpg,0.300213,0.505039,0.022283,0.006381,0.032540,0.088221,0.007845,0.037478
img_03454.jpg,0.800006,0.003384,0.008846,0.001661,0.152800,0.007797,0.014478,0.011028
img_03456.jpg,0.022829,0.006012,0.005629,0.001168,0.888571,0.035672,0.002069,0.038050
img_03457.jpg,0.672114,0.045246,0.016424,0.002634,0.057555,0.101859,0.001388,0.102780
img_03471.jpg,0.460508,0.107906,0.046030,0.054643,0.047996,0.060111,0.040597,0.182209
img_03475.jpg,0.723602,0.005773,0.003481,0.000764,0.201927,0.003646,0.000726,0.060081
img_03488.jpg,0.762121,0.071325,0.002487,0.014644,0.004473,0.085400,0.005822,0.053728
img_03490.jpg,0.284050,0.360509,0.114969,0.004445,0.062959,0.041215,0.005840,0.126012
img_03502.jpg,0.564822,0.029219,0.003583,0.003039,0.019446,0.035060,0.144573,0.200258
img_03504.jpg,0.466837,0.143276,0.007260,0.008802,0.026876,0.266246,0.002690,0.078012
img_03520.jpg,0.546896,0.049682,0.025985,0.014208,0.084824,0.131712,0.003461,0.143231
img_03527.jpg,0.060563,0.077426,0.173540,0.002079,0.021857,0.014978,0.001480,0.648077
img_03547.jpg,0.904884,0.031579,0.002546,0.008839,0.007605,0.037315,0.002087,0.005145
img_03548.jpg,0.565724,0.033009,0.011681,0.007682,0.021740,0.085985,0.093945,0.180235
img_03554.jpg,0.801440,0.024498,0.007111,0.003488,0.055582,0.015553,0.005652,0.086676
img_03563.jpg,0.279097,0.289071,0.007127,0.021394,0.026260,0.041547,0.004705,0.330799
img_03581.jpg,0.641786,0.034911,0.006041,0.051775,0.042273,0.192874,0.002660,0.027680
img_03584.jpg,0.115758,0.006768,0.032136,0.001381,0.192437,0.007613,0.010268,0.633640
img_03587.jpg,0.431647,0.037990,0.011801,0.002250,0.010931,0.064097,0.061190,0.380093
img_03588.jpg,0.313509,0.024356,0.008552,0.005822,0.041639,0.378095,0.133817,0.094209
img_03602.jpg,0.349792,0.018102,0.005512,0.003935,0.027718,0.418454,0.059143,0.117344
img_03627.jpg,0.898866,0.017947,0.005993,0.000609,0.051822,0.002478,0.001397,0.020888
img_03628.jpg,0.890291,0.004130,0.005661,0.002376,0.045273,0.003106,0.002132,0.047031
img_03652.jpg,0.872840,0.011517,0.001414,0.000408,0.071495,0.021554,0.001060,0.019712
img_03670.jpg,0.650063,0.009751,0.014378,0.002334,0.259271,0.020191,0.027885,0.016126
img_03674.jpg,0.540226,0.026215,0.005366,0.018593,0.164426,0.060146,0.006593,0.178434
img_03677.jpg,0.801493,0.016756,0.006386,0.048411,0.007159,0.045969,0.005378,0.068448
img_03711.jpg,0.583887,0.071639,0.025451,0.006984,0.032917,0.093124,0.005065,0.180935
img_03715.jpg,0.372196,0.076022,0.007415,0.060494,0.147685,0.271305,0.009498,0.055384
img_03718.jpg,0.620993,0.019668,0.009412,0.074122,0.036618,0.194863,0.002241,0.042082
img_03726.jpg,0.132641,0.065914,0.012652,0.012169,0.039969,0.503105,0.081338,0.152213
img_03739.jpg,0.060959,0.077270,0.077984,0.004583,0.007924,0.059180,0.013734,0.698365
img_03749.jpg,0.274990,0.042259,0.015783,0.008947,0.029584,0.150929,0.080692,0.396817
img_03750.jpg,0.493571,0.023139,0.011690,0.003054,0.021060,0.075564,0.161970,0.209953
img_03760.jpg,0.198611,0.047370,0.011034,0.008152,0.018271,0.190208,0.153545,0.372807
img_03764.jpg,0.836301,0.056881,0.010843,0.006186,0.003077,0.039104,0.004086,0.043522
img_03776.jpg,0.540258,0.006365,0.029752,0.003674,0.305253,0.003639,0.002230,0.108829
img_03801.jpg,0.704005,0.011870,0.007604,0.001585,0.070139,0.014394,0.005719,0.184683
img_03805.jpg,0.745547,0.027416,0.004553,0.052507,0.006623,0.036941,0.004630,0.121783
img_03809.jpg,0.317019,0.430646,0.004731,0.007869,0.050929,0.018082,0.016059,0.154666
img_03825.jpg,0.845479,0.037150,0.003850,0.009791,0.016998,0.048934,0.005045,0.032753
