image,ALB,BET,DOL,LAG,NoF,OTHER,SHARK,YFT
img_00005.jpg,0.020027,0.000288,0.000730,0.000058,0.977700,0.000748,0.000166,0.000283
img_00007.jpg,0.302905,0.197988,0.009187,0.028931,0.048316,0.138644,0.012155,0.261874
img_00009.jpg,0.780572,0.043001,0.002082,0.001962,0.026182,0.129191,0.002668,0.014344
img_00018.jpg,0.860183,0.010540,0.004268,0.004023,0.000416,0.085748,0.003966,0.030857
img_00027.jpg,0.590493,0.091382,0.000952,0.001739,0.010485,0.089426,0.025087,0.190435
img_00030.jpg,0.148862,0.000999,0.000907,0.000180,0.822224,0.001023,0.001860,0.023945
img_00040.jpg,0.233134,0.111024,0.004644,0.004184,0.004973,0.082996,0.362152,0.196893
img_00046.jpg,0.711555,0.002652,0.000724,0.000139,0.277626,0.002491,0.003382,0.001432
img_00053.jpg,0.966927,0.001855,0.009577,0.001308,0.003791,0.003822,0.000238,0.012484
img_00071.jpg,0.176078,0.011713,0.004246,0.530912,0.161276,0.092423,0.015845,0.007506
img_00075.jpg,0.430165,0.030483,0.001463,0.002195,0.016966,0.475442,0.000887,0.042399
img_00102.jpg,0.074963,0.062459,0.002636,0.003609,0.003741,0.101056,0.039716,0.711821
img_00103.jpg,0.439849,0.006249,0.011363,0.016810,0.008076,0.037760,0.001862,0.478031
img_00109.jpg,0.881235,0.000894,0.001203,0.000043,0.092722,0.002520,0.001128,0.020254
img_00119.jpg,0.003597,0.004798,0.000442,0.000188,0.930594,0.002156,0.000345,0.057879
img_00120.jpg,0.276293,0.006208,0.003866,0.000933,0.010702,0.010998,0.028069,0.662931
img_00125.jpg,0.846823,0.016278,0.001525,0.001378,0.004559,0.025538,0.003889,0.100011
img_00128.jpg,0.004356,0.065664,0.161558,0.000220,0.001718,0.003798,0.000411,0.762275
img_00129.jpg,0.348242,0.128850,0.015851,0.006220,0.005642,0.059503,0.215342,0.220351
img_00133.jpg,0.105690,0.015846,0.000419,0.003341,0.728215,0.096368,0.002096,0.048024
img_00138.jpg,0.855079,0.040974,0.012026,0.002434,0.028126,0.012021,0.001879,0.047461
img_00141.jpg,0.004432,0.020262,0.069715,0.000345,0.000494,0.004395,0.001650,0.898706
img_00152.jpg,0.034603,0.005070,0.004706,0.000749,0.001879,0.031505,0.000968,0.920520
img_00161.jpg,0.003429,0.001583,0.001287,0.000050,0.010194,0.024336,0.000330,0.958791
img_00164.jpg,0.012729,0.002654,0.003473,0.000490,0.852295,0.014359,0.003275,0.110724
img_00170.jpg,0.794679,0.007045,0.002750,0.019655,0.035638,0.126711,0.000682,0.012840
img_00171.jpg,0.244668,0.002077,0.002299,0.021101,0.003506,0.722284,0.000719,0.003347
img_00172.jpg,0.045959,0.000759,0.000755,0.000105,0.949145,0.001543,0.000438,0.001296
img_00175.jpg,0.197311,0.005031,0.003041,0.043877,0.004992,0.741464,0.000954,0.003331
img_00180.jpg,0.387260,0.003927,0.001795,0.000707,0.022166,0.008395,0.002143,0.573606
img_00196.jpg,0.005340,0.005596,0.000218,0.000089,0.977122,0.001737,0.000217,0.009681
img_00212.jpg,0.123815,0.001514,0.000577,0.000276,0.012393,0.002247,0.000500,0.858678
img_00223.jpg,0.611950,0.008390,0.210718,0.002160,0.001501,0.111293,0.000897,0.053091
img_00230.jpg,0.864980,0.069738,0.003155,0.003171,0.000184,0.008193,0.003564,0.047015
img_00232.jpg,0.007564,0.054817,0.001059,0.000657,0.004659,0.000844,0.920324,0.010077
img_00244.jpg,0.629257,0.266087,0.000746,0.003867,0.005452,0.050171,0.007221,0.037199
img_00272.jpg,0.649807,0.139918,0.115935,0.002006,0.002897,0.017230,0.000735,0.071472
img_00280.jpg,0.675981,0.002866,0.005703,0.000765,0.260738,0.004411,0.001173,0.048363
img_00282.jpg,0.152827,0.002458,0.002183,0.015916,0.003649,0.818930,0.000501,0.003536
img_00285.jpg,0.753819,0.033973,0.003458,0.002950,0.030810,0.011478,0.029386,0.134127
img_00289.jpg,0.734872,0.003369,0.002608,0.000568,0.220864,0.009137,0.000242,0.028340
img_00292.jpg,0.349390,0.100976,0.001711,0.003463,0.020939,0.070422,0.015060,0.438039
img_00302.jpg,0.297627,0.083256,0.005348,0.003858,0.006011,0.052080,0.253314,0.298507
img_00311.jpg,0.972842,0.009998,0.000249,0.000061,0.012874,0.000954,0.000117,0.002905
img_00320.jpg,0.989589,0.000693,0.002763,0.000029,0.000774,0.000148,0.000234,0.005770
img_00331.jpg,0.312120,0.047978,0.007225,0.003664,0.022641,0.289869,0.069207,0.247295
img_00358.jpg,0.408798,0.027280,0.001204,0.002401,0.006700,0.274092,0.021355,0.258171
img_00374.jpg,0.819877,0.017289,0.009401,0.002782,0.000832,0.018836,0.000629,0.130354
img_00375.jpg,0.312175,0.183084,0.060886,0.015438,0.244433,0.160060,0.002680,0.021244
img_00376.jpg,0.520995,0.011063,0.004400,0.001230,0.014820,0.053415,0.067038,0.327038
img_00380.jpg,0.838098,0.012493,0.010208,0.005087,0.039381,0.091213,0.001593,0.001928
img_00383.jpg,0.953793,0.012186,0.000394,0.000086,0.024273,0.001036,0.000307,0.007925
img_00398.jpg,0.601321,0.004928,0.000688,0.000130,0.348747,0.014988,0.010376,0.018822
img_00407.jpg,0.745610,0.014170,0.015811,0.065048,0.010835,0.122852,0.001201,0.024473
img_00417.jpg,0.172743,0.001139,0.000628,0.000212,0.009960,0.002578,0.000332,0.812408
img_00432.jpg,0.688415,0.069730,0.049576,0.006514,0.027797,0.112283,0.006807,0.038879
img_00442.jpg,0.011384,0.007720,0.047802,0.000088,0.000874,0.012597,0.001178,0.918356
img_00446.jpg,0.778474,0.038909,0.000833,0.005885,0.040984,0.123814,0.001219,0.009883
img_00469.jpg,0.648521,0.046613,0.002593,0.011339,0.038192,0.151493,0.015145,0.086103
img_00473.jpg,0.878243,0.001188,0.003092,0.000366,0.009396,0.002197,0.001281,0.104237
img_00483.jpg,0.885791,0.003799,0.000734,0.000059,0.040061,0.000381,0.000571,0.068604
img_00484.jpg,0.587293,0.117620,0.002493,0.013768,0.077337,0.072199,0.016494,0.112797
img_00486.jpg,0.894265,0.006900,0.073527,0.005198,0.002488,0.008631,0.000343,0.008647
img_00487.jpg,0.009287,0.004244,0.000562,0.000930,0.970702,0.002419,0.010553,0.001303
img_00493.jpg,0.123504,0.014574,0.002685,0.003299,0.802955,0.030469,0.001815,0.020700
img_00518.jpg,0.890211,0.000640,0.001072,0.000170,0.092101,0.006551,0.003960,0.005295
img_00533.jpg,0.220091,0.060298,0.001355,0.002858,0.006767,0.091886,0.107393,0.509351
img_00538.jpg,0.803079,0.006785,0.007761,0.004500,0.013456,0.042757,0.000864,0.120798
img_00543.jpg,0.978223,0.009363,0.000223,0.000065,0.009326,0.000852,0.000122,0.001825
img_00550.jpg,0.810973,0.036164,0.036339,0.002589,0.008571,0.093975,0.005144,0.006246
img_00551.jpg,0.615122,0.006630,0.008234,0.032819,0.058603,0.264108,0.000776,0.013708
img_00564.jpg,0.024963,0.002119,0.001063,0.000419,0.954722,0.013709,0.000649,0.002354
img_00575.jpg,0.283877,0.043521,0.003691,0.002169,0.020652,0.078771,0.051356,0.515963
img_00582.jpg,0.553250,0.019624,0.003414,0.001945,0.142697,0.241478,0.001912,0.035680
img_00584.jpg,0.900364,0.001284,0.000534,0.000071,0.093862,0.000409,0.000259,0.003218
img_00587.jpg,0.629043,0.059931,0.000757,0.000931,0.006669,0.041516,0.008822,0.252330
img_00590.jpg,0.429522,0.021959,0.005778,0.001855,0.016267,0.010626,0.029614,0.484378
img_00591.jpg,0.317258,0.009613,0.003836,0.000513,0.002598,0.007989,0.005807,0.652387
img_00598.jpg,0.954213,0.003430,0.001043,0.001613,0.002297,0.013484,0.000497,0.023422
img_00599.jpg,0.617858,0.009078,0.001374,0.000860,0.003963,0.025619,0.056827,0.284422
img_00612.jpg,0.706497,0.026687,0.000825,0.002615,0.011525,0.132106,0.029285,0.090461
img_00618.jpg,0.539661,0.001657,0.000938,0.000160,0.450345,0.001366,0.000131,0.005743
img_00620.jpg,0.972885,0.006054,0.003364,0.000626,0.005112,0.004152,0.000219,0.007588
img_00642.jpg,0.226848,0.012787,0.006694,0.699179,0.002228,0.022345,0.005050,0.024869
img_00646.jpg,0.111655,0.006886,0.070878,0.000187,0.000668,0.009433,0.001864,0.798429
img_00648.jpg,0.973561,0.012560,0.000189,0.000066,0.010131,0.000773,0.000109,0.002611
img_00650.jpg,0.655972,0.039888,0.008583,0.003165,0.015996,0.082624,0.145591,0.048181
img_00654.jpg,0.570109,0.023116,0.048102,0.003652,0.207399,0.055141,0.003439,0.089040
img_00664.jpg,0.984719,0.000647,0.001469,0.000059,0.010444,0.000050,0.000050,0.002563
img_00667.jpg,0.007388,0.002045,0.000044,0.000026,0.985178,0.000447,0.000057,0.004816
img_00676.jpg,0.002619,0.004531,0.000437,0.000108,0.952369,0.002817,0.000188,0.036932
img_00697.jpg,0.001622,0.019353,0.021059,0.000146,0.000123,0.001148,0.000647,0.955902
img_00708.jpg,0.465342,0.044163,0.001477,0.002586,0.020628,0.124300,0.041457,0.300046
img_00716.jpg,0.151204,0.118251,0.001982,0.004283,0.012962,0.072734,0.148816,0.489767
img_00717.jpg,0.797034,0.121378,0.001056,0.022186,0.001758,0.041914,0.005072,0.009602
img_00718.jpg,0.529476,0.004733,0.007609,0.031933,0.184427,0.203070,0.004172,0.034580
img_00723.jpg,0.595479,0.007711,0.000431,0.000307,0.382050,0.001842,0.000864,0.011317
img_00724.jpg,0.707574,0.002030,0.006169,0.001849,0.074027,0.009832,0.125322,0.073197
img_00726.jpg,0.968132,0.000189,0.000616,0.000116,0.003305,0.001234,0.015899,0.010508
img_00729.jpg,0.812446,0.000549,0.000392,0.000067,0.177356,0.003676,0.002363,0.003151
img_00730.jpg,0.208056,0.011877,0.002740,0.000886,0.015163,0.020915,0.045720,0.694641
img_00757.jpg,0.946794,0.003281,0.019342,0.005627,0.003255,0.013517,0.000449,0.007735
img_00760.jpg,0.309938,0.034671,0.005894,0.558062,0.020574,0.048937,0.010714,0.011209
img_00763.jpg,0.010330,0.008473,0.000332,0.000033,0.876499,0.000191,0.000217,0.103925
img_00764.jpg,0.101258,0.111608,0.010570,0.000881,0.104163,0.009269,0.001519,0.660732
img_00765.jpg,0.275549,0.072787,0.002740,0.012446,0.011514,0.578255,0.005342,0.041368
img_00772.jpg,0.026207,0.013262,0.363458,0.000128,0.004657,0.003406,0.000542,0.588340
img_00773.jpg,0.456577,0.028202,0.194441,0.030327,0.019387,0.264694,0.002545,0.003827
img_00777.jpg,0.652305,0.120612,0.000528,0.003204,0.018509,0.181720,0.002662,0.020460
img_00780.jpg,0.046462,0.056344,0.060688,0.000351,0.004575,0.052104,0.003950,0.775527
img_00798.jpg,0.875264,0.022582,0.002536,0.010758,0.016279,0.015549,0.001580,0.055452
img_00808.jpg,0.977636,0.003859,0.000402,0.001207,0.000869,0.005527,0.000281,0.010219
img_00816.jpg,0.943009,0.001381,0.000590,0.000029,0.007683,0.000220,0.000095,0.046992
img_00828.jpg,0.000984,0.001447,0.000311,0.000022,0.992957,0.003007,0.000246,0.001025
img_00833.jpg,0.253914,0.029837,0.001073,0.001588,0.007914,0.297369,0.054866,0.353439
img_00837.jpg,0.919871,0.023075,0.002236,0.003654,0.004039,0.017840,0.000581,0.028704
img_00855.jpg,0.796775,0.048022,0.006224,0.002437,0.022054,0.033150,0.017375,0.073964
img_00857.jpg,0.989787,0.003316,0.001502,0.000047,0.001879,0.000423,0.000328,0.002720
img_00858.jpg,0.925194,0.007053,0.000868,0.000683,0.038963,0.004578,0.000283,0.022377
img_00865.jpg,0.838414,0.114100,0.001437,0.003605,0.000447,0.024236,0.000740,0.017021
img_00876.jpg,0.003041,0.007340,0.000544,0.000186,0.917443,0.003615,0.000412,0.067419
img_00889.jpg,0.061523,0.030938,0.148085,0.000568,0.010958,0.015252,0.000408,0.732268
img_00894.jpg,0.609477,0.004132,0.006567,0.001065,0.196101,0.002719,0.001561,0.178379
img_00902.jpg,0.013370,0.083568,0.000921,0.000681,0.008798,0.000472,0.883341,0.008849
img_00914.jpg,0.064298,0.036666,0.103605,0.000672,0.138622,0.019217,0.002570,0.634351
img_00921.jpg,0.564604,0.019711,0.006154,0.001761,0.010727,0.054427,0.048955,0.293659
img_00927.jpg,0.553088,0.022417,0.011854,0.001905,0.041795,0.014084,0.013317,0.341541
img_00943.jpg,0.877524,0.004720,0.000651,0.000076,0.033692,0.000799,0.001000,0.081538
img_00948.jpg,0.324794,0.005171,0.012591,0.004321,0.272559,0.009685,0.003231,0.367648
img_00950.jpg,0.288966,0.007927,0.023191,0.000952,0.628550,0.011417,0.001794,0.037204
img_00959.jpg,0.833150,0.003318,0.000392,0.000231,0.141669,0.007316,0.002401,0.011524
img_00962.jpg,0.005562,0.037826,0.019856,0.000173,0.002550,0.004455,0.000391,0.929187
img_00964.jpg,0.019527,0.148303,0.538389,0.000702,0.003236,0.008042,0.004959,0.276844
img_00966.jpg,0.724622,0.026696,0.003478,0.000333,0.100539,0.001903,0.009373,0.133056
img_00974.jpg,0.871331,0.047826,0.001705,0.032607,0.001580,0.021672,0.002080,0.021199
img_00979.jpg,0.053412,0.121435,0.141380,0.000779,0.000702,0.032686,0.010058,0.639548
img_00982.jpg,0.591481,0.361315,0.008994,0.000945,0.005626,0.007335,0.001151,0.023154
img_00985.jpg,0.319562,0.090745,0.001376,0.002970,0.029494,0.054332,0.026010,0.475511
img_00999.jpg,0.863790,0.003925,0.000742,0.000175,0.000812,0.008514,0.005862,0.116181
img_01022.jpg,0.800348,0.007204,0.001024,0.010086,0.100614,0.032514,0.000432,0.047777
img_01031.jpg,0.897706,0.007837,0.024447,0.000972,0.025200,0.035553,0.000154,0.008131
img_01035.jpg,0.744001,0.144577,0.000191,0.002279,0.038347,0.061967,0.001630,0.007008
img_01043.jpg,0.055156,0.021767,0.004793,0.001429,0.886361,0.008442,0.001562,0.020490
img_01058.jpg,0.623839,0.035444,0.002689,0.000137,0.004290,0.000807,0.000677,0.332116
img_01059.jpg,0.674960,0.061917,0.003272,0.008093,0.012631,0.061660,0.068165,0.109302
img_01090.jpg,0.076653,0.041867,0.002260,0.000186,0.837519,0.001661,0.000156,0.039697
img_01102.jpg,0.187959,0.218869,0.134136,0.005002,0.081190,0.005014,0.000895,0.366934
img_01103.jpg,0.234790,0.474543,0.005445,0.005013,0.004253,0.012663,0.002976,0.260316
img_01116.jpg,0.929648,0.011805,0.010198,0.009133,0.001249,0.023894,0.000506,0.013567
img_01134.jpg,0.689562,0.002695,0.006298,0.023646,0.051118,0.217253,0.000518,0.008911
img_01142.jpg,0.829803,0.001873,0.003208,0.000340,0.005098,0.007311,0.000222,0.152144
img_01168.jpg,0.137383,0.127818,0.002509,0.007505,0.021097,0.678018,0.009336,0.016334
img_01171.jpg,0.019716,0.009660,0.000587,0.000035,0.773933,0.000148,0.000208,0.195713
img_01177.jpg,0.788509,0.007069,0.007622,0.001791,0.081964,0.021366,0.000722,0.090957
img_01179.jpg,0.952541,0.004873,0.000330,0.013343,0.003497,0.023099,0.000287,0.002029
img_01188.jpg,0.286341,0.070407,0.002064,0.014173,0.011564,0.586179,0.005541,0.023730
img_01198.jpg,0.398701,0.053565,0.006363,0.002436,0.363677,0.013569,0.002149,0.159539
img_01204.jpg,0.004726,0.003188,0.000033,0.000013,0.984515,0.000247,0.000046,0.007234
img_01208.jpg,0.395940,0.004634,0.008354,0.000272,0.569744,0.006503,0.000857,0.013696
img_01211.jpg,0.963093,0.002305,0.001290,0.000028,0.012904,0.000280,0.000235,0.019864
img_01213.jpg,0.883178,0.046804,0.010250,0.004044,0.002500,0.017568,0.002108,0.033549
img_01222.jpg,0.590763,0.123461,0.004941,0.059201,0.005527,0.028650,0.032853,0.154604
img_01224.jpg,0.026447,0.091715,0.172963,0.000283,0.000728,0.011472,0.001345,0.695047
img_01237.jpg,0.347145,0.009457,0.000387,0.000276,0.594617,0.023886,0.008769,0.015463
img_01249.jpg,0.211482,0.008066,0.060119,0.009944,0.692583,0.007711,0.002471,0.007623
img_01253.jpg,0.011776,0.006183,0.003407,0.000104,0.031773,0.017384,0.000636,0.928737
img_01286.jpg,0.375011,0.019074,0.000855,0.001005,0.490466,0.026231,0.003855,0.083502
img_01289.jpg,0.438525,0.063586,0.003088,0.008913,0.041673,0.149775,0.083160,0.211281
img_01325.jpg,0.132405,0.185925,0.005466,0.001193,0.558868,0.002781,0.000386,0.112976
img_01328.jpg,0.875578,0.022744,0.017785,0.005326,0.003751,0.035623,0.004037,0.035154
img_01366.jpg,0.158230,0.003401,0.005527,0.041600,0.003343,0.782594,0.000847,0.004459
img_01371.jpg,0.638151,0.008665,0.013560,0.000109,0.036473,0.001654,0.000249,0.301139
img_01373.jpg,0.561751,0.018858,0.045570,0.002906,0.304725,0.031169,0.002156,0.032865
img_01377.jpg,0.402575,0.006640,0.007809,0.002668,0.553258,0.009490,0.001004,0.016556
img_01379.jpg,0.898419,0.005472,0.003425,0.003148,0.010576,0.064308,0.001064,0.013590
img_01384.jpg,0.830158,0.020227,0.065105,0.002168,0.009256,0.053135,0.005350,0.014602
img_01388.jpg,0.401478,0.164440,0.004684,0.002848,0.035143,0.374381,0.002842,0.014183
img_01392.jpg,0.021033,0.172462,0.346640,0.000813,0.013929,0.015381,0.003191,0.426551
img_01399.jpg,0.003761,0.305435,0.031235,0.000301,0.004809,0.016731,0.001447,0.636280
img_01404.jpg,0.726501,0.086048,0.005612,0.050081,0.014952,0.018521,0.001406,0.096879
img_01405.jpg,0.981843,0.001828,0.000074,0.000300,0.000979,0.011425,0.000307,0.003244
img_01413.jpg,0.905925,0.007357,0.001644,0.007262,0.031149,0.033358,0.000651,0.012656
img_01426.jpg,0.041285,0.839772,0.000813,0.000195,0.000550,0.010658,0.004247,0.102481
img_01431.jpg,0.295371,0.028806,0.003694,0.618171,0.015196,0.025015,0.004498,0.009249
img_01441.jpg,0.071234,0.009122,0.017937,0.000595,0.079741,0.043260,0.001902,0.776208
img_01444.jpg,0.454568,0.020525,0.001064,0.000774,0.006314,0.286982,0.050407,0.179367
img_01490.jpg,0.003484,0.035174,0.564689,0.000263,0.001201,0.002071,0.000494,0.392624
img_01495.jpg,0.798552,0.013185,0.006346,0.001527,0.000227,0.031211,0.000310,0.148642
img_01505.jpg,0.011798,0.008065,0.000061,0.000019,0.972271,0.000465,0.000068,0.007253
img_01511.jpg,0.818368,0.027152,0.019162,0.003649,0.027521,0.094450,0.001269,0.008429
img_01519.jpg,0.304650,0.180719,0.003668,0.009007,0.031197,0.293992,0.055702,0.121065
img_01530.jpg,0.612562,0.003924,0.005494,0.001347,0.277286,0.005939,0.001781,0.091667
img_01537.jpg,0.757402,0.010176,0.011402,0.001783,0.065614,0.121345,0.001539,0.030739
img_01538.jpg,0.695542,0.022633,0.001579,0.001422,0.009340,0.164655,0.004855,0.099973
img_01541.jpg,0.000778,0.001903,0.000175,0.000021,0.993453,0.002003,0.000348,0.001319
img_01543.jpg,0.872643,0.003048,0.005736,0.000052,0.092490,0.001791,0.000320,0.023920
img_01548.jpg,0.947369,0.002525,0.000460,0.000039,0.016148,0.000689,0.000184,0.032586
img_01552.jpg,0.996679,0.000432,0.001244,0.000017,0.000400,0.000042,0.000140,0.001048
img_01561.jpg,0.027586,0.002766,0.003611,0.000367,0.958673,0.001550,0.000166,0.005280
img_01562.jpg,0.384082,0.008116,0.006327,0.000776,0.004091,0.014972,0.023419,0.558218
img_01571.jpg,0.746216,0.029140,0.002953,0.000138,0.044646,0.001520,0.001848,0.173539
img_01593.jpg,0.422838,0.058638,0.005251,0.002325,0.008479,0.051439,0.033881,0.417148
img_01595.jpg,0.024533,0.005210,0.000219,0.000062,0.813873,0.000880,0.000461,0.154761
img_01616.jpg,0.804446,0.004964,0.010447,0.000103,0.125763,0.007815,0.013169,0.033292
img_01618.jpg,0.713491,0.179060,0.000336,0.003417,0.034069,0.054899,0.002127,0.012600
img_01627.jpg,0.812322,0.022244,0.001650,0.001264,0.001851,0.148878,0.001295,0.010496
img_01632.jpg,0.961728,0.001655,0.000539,0.000037,0.018738,0.000348,0.000087,0.016869
img_01633.jpg,0.459529,0.055249,0.001424,0.002475,0.015131,0.400256,0.021235,0.044701
img_01640.jpg,0.982296,0.008564,0.000200,0.000050,0.006257,0.000732,0.000098,0.001803
img_01646.jpg,0.883958,0.046697,0.001370,0.002942,0.001064,0.004502,0.003067,0.056401
img_01647.jpg,0.708819,0.006329,0.006140,0.000348,0.242885,0.002117,0.006650,0.026712
img_01649.jpg,0.616642,0.015240,0.005831,0.013520,0.273015,0.024299,0.014015,0.037438
img_01657.jpg,0.005133,0.005267,0.834453,0.000155,0.004368,0.002637,0.001158,0.146828
img_01669.jpg,0.242914,0.023486,0.004292,0.662577,0.037766,0.013566,0.004454,0.010945
img_01673.jpg,0.787413,0.003825,0.000399,0.000099,0.203181,0.001197,0.001188,0.002698
img_01681.jpg,0.072232,0.001521,0.000551,0.000019,0.010022,0.000964,0.000335,0.914356
img_01684.jpg,0.222763,0.072546,0.007619,0.016353,0.009735,0.129411,0.007488,0.534086
img_01685.jpg,0.547722,0.036718,0.144496,0.007659,0.114122,0.081766,0.009937,0.057579
img_01687.jpg,0.395588,0.007546,0.005695,0.001672,0.009717,0.011031,0.029976,0.538776
img_01688.jpg,0.283054,0.068749,0.003200,0.007190,0.052284,0.112089,0.097143,0.376289
img_01689.jpg,0.054531,0.090324,0.047896,0.000379,0.012617,0.064427,0.002796,0.727031
img_01716.jpg,0.001140,0.001302,0.000117,0.000019,0.996172,0.000896,0.000126,0.000229
img_01717.jpg,0.423340,0.004172,0.000361,0.000231,0.560359,0.001537,0.000656,0.009344
img_01724.jpg,0.556262,0.012349,0.020735,0.002432,0.169514,0.167331,0.002375,0.069001
img_01745.jpg,0.715620,0.024410,0.152598,0.016101,0.022405,0.043976,0.008304,0.016586
img_01771.jpg,0.929457,0.032835,0.004274,0.001287,0.001709,0.009930,0.001360,0.019148
img_01773.jpg,0.401872,0.007735,0.003679,0.000550,0.003342,0.007388,0.031705,0.543728
img_01781.jpg,0.176440,0.005090,0.015546,0.148751,0.587963,0.055459,0.001419,0.009332
img_01782.jpg,0.073054,0.008844,0.000113,0.000084,0.881464,0.000933,0.000321,0.035186
img_01802.jpg,0.893908,0.001812,0.000490,0.000119,0.099240,0.001095,0.001501,0.001835
img_01803.jpg,0.022390,0.168317,0.580594,0.000578,0.007915,0.008390,0.006441,0.205376
img_01824.jpg,0.497954,0.059268,0.001907,0.003832,0.011152,0.347506,0.029302,0.049078
img_01825.jpg,0.056539,0.811656,0.048641,0.002488,0.046749,0.001745,0.001651,0.030531
img_01831.jpg,0.701815,0.004295,0.003699,0.038001,0.035318,0.205759,0.000690,0.010423
img_01834.jpg,0.081113,0.263605,0.203973,0.000759,0.004665,0.027191,0.002840,0.415854
img_01847.jpg,0.211964,0.102577,0.004956,0.004044,0.005178,0.102481,0.041606,0.527194
img_01853.jpg,0.422839,0.020593,0.008555,0.002542,0.044942,0.022659,0.009398,0.468473
img_01856.jpg,0.847683,0.000870,0.002804,0.000762,0.055859,0.003758,0.003417,0.084847
img_01860.jpg,0.674999,0.019693,0.004181,0.002347,0.009593,0.079699,0.068199,0.141289
img_01862.jpg,0.640941,0.013653,0.021592,0.001870,0.121964,0.104488,0.001786,0.093706
img_01874.jpg,0.412993,0.023301,0.004302,0.002395,0.019677,0.175422,0.012802,0.349108
img_01888.jpg,0.323904,0.072156,0.003814,0.012726,0.016855,0.519129,0.006120,0.045297
img_01918.jpg,0.675738,0.033705,0.043105,0.125189,0.041463,0.015688,0.030383,0.034730
img_01930.jpg,0.793251,0.007898,0.010202,0.003679,0.046934,0.133933,0.001670,0.002433
img_01932.jpg,0.729751,0.031077,0.001358,0.008994,0.027846,0.109966,0.011148,0.079859
img_01955.jpg,0.021360,0.003636,0.002748,0.000234,0.030072,0.004503,0.000600,0.936849
img_01963.jpg,0.980435,0.000253,0.000936,0.000107,0.005724,0.000998,0.000470,0.011076
img_01966.jpg,0.946962,0.021210,0.000879,0.000336,0.000242,0.003260,0.001625,0.025484
img_01976.jpg,0.916136,0.006560,0.001433,0.000084,0.004131,0.000357,0.000424,0.070875
img_01983.jpg,0.666718,0.007740,0.055277,0.001310,0.210773,0.008609,0.001200,0.048373
img_01984.jpg,0.117924,0.069500,0.006970,0.003628,0.002871,0.024398,0.001024,0.773685
img_01995.jpg,0.142331,0.105662,0.001024,0.031736,0.047797,0.347953,0.013752,0.309744
img_01996.jpg,0.433947,0.054125,0.002126,0.005147,0.019866,0.440284,0.016722,0.027783
img_02001.jpg,0.346143,0.009282,0.000884,0.000607,0.004391,0.539844,0.010155,0.088693
img_02006.jpg,0.202898,0.070434,0.229901,0.015475,0.173886,0.205082,0.001572,0.100752
img_02066.jpg,0.823008,0.018457,0.021826,0.002183,0.091008,0.014594,0.002424,0.026500
img_02074.jpg,0.827349,0.029830,0.005290,0.029749,0.007611,0.087862,0.000494,0.011816
img_02076.jpg,0.456596,0.247781,0.001138,0.000730,0.234284,0.007185,0.000947,0.051340
img_02077.jpg,0.274916,0.015178,0.038374,0.192865,0.034285,0.407034,0.003440,0.033907
img_02078.jpg,0.236927,0.007485,0.020996,0.000402,0.638707,0.016980,0.000736,0.077766
img_02082.jpg,0.161473,0.000338,0.000396,0.000089,0.808053,0.001570,0.022982,0.005099
img_02083.jpg,0.007205,0.000620,0.000128,0.000337,0.984675,0.006053,0.000375,0.000608
img_02096.jpg,0.986983,0.000331,0.001739,0.000031,0.000817,0.002170,0.003617,0.004311
img_02119.jpg,0.697700,0.012312,0.215922,0.001573,0.002395,0.050629,0.000851,0.018618
img_02124.jpg,0.248682,0.034935,0.001653,0.003769,0.022316,0.648202,0.015042,0.025401
img_02135.jpg,0.044071,0.013484,0.001181,0.005902,0.923092,0.001586,0.004685,0.006000
img_02146.jpg,0.647633,0.002455,0.001400,0.000707,0.337246,0.000950,0.000744,0.008866
img_02159.jpg,0.153379,0.004421,0.058661,0.010778,0.665143,0.083716,0.001218,0.022685
img_02172.jpg,0.699806,0.015728,0.020064,0.001347,0.070720,0.157303,0.001968,0.033065
img_02180.jpg,0.773897,0.071627,0.003807,0.005578,0.014640,0.056246,0.012092,0.062114
img_02188.jpg,0.557824,0.024628,0.001645,0.001787,0.005344,0.041624,0.059176,0.307971
img_02194.jpg,0.902092,0.000868,0.000439,0.000172,0.090793,0.002666,0.000079,0.002889
img_02209.jpg,0.203192,0.027745,0.001612,0.002141,0.033974,0.670608,0.030493,0.030235
img_02216.jpg,0.106747,0.205685,0.034625,0.000641,0.284253,0.012754,0.001527,0.353769
img_02231.jpg,0.220694,0.017297,0.002257,0.013524,0.484633,0.248001,0.004589,0.009005
img_02235.jpg,0.109521,0.112937,0.001119,0.070193,0.049630,0.414284,0.014041,0.228274
img_02252.jpg,0.929014,0.000920,0.002233,0.000122,0.054894,0.001748,0.000831,0.010237
img_02268.jpg,0.957222,0.007548,0.006783,0.001298,0.013524,0.009061,0.000673,0.003892
img_02270.jpg,0.796417,0.030301,0.016047,0.002025,0.117454,0.006110,0.000732,0.030913
img_02281.jpg,0.440710,0.070462,0.002685,0.055244,0.319169,0.098218,0.007340,0.006170
img_02282.jpg,0.001562,0.002784,0.008067,0.000062,0.000203,0.008676,0.000177,0.978468
img_02285.jpg,0.871015,0.001093,0.000476,0.000138,0.111485,0.004073,0.010727,0.000992
img_02291.jpg,0.985061,0.000951,0.000854,0.000055,0.010918,0.000044,0.000019,0.002097
img_02299.jpg,0.586262,0.102150,0.003258,0.045601,0.005660,0.037845,0.026231,0.192993
img_02305.jpg,0.072812,0.171040,0.002105,0.074095,0.071276,0.273047,0.023396,0.312229
img_02307.jpg,0.384900,0.068465,0.001813,0.004015,0.023556,0.101571,0.023082,0.392597
img_02309.jpg,0.981316,0.005758,0.000151,0.000054,0.008634,0.000674,0.000159,0.003255
img_02318.jpg,0.109150,0.002641,0.002210,0.000903,0.034126,0.015143,0.003081,0.832744
img_02347.jpg,0.280209,0.067697,0.008593,0.002509,0.397007,0.009254,0.001316,0.233414
img_02356.jpg,0.468559,0.003647,0.004598,0.001217,0.049367,0.019223,0.004268,0.449121
img_02367.jpg,0.860506,0.009968,0.001497,0.004175,0.090216,0.013059,0.005651,0.014928
img_02372.jpg,0.007590,0.001828,0.001327,0.000361,0.980106,0.006839,0.000381,0.001569
img_02379.jpg,0.552261,0.003115,0.004402,0.000963,0.009672,0.004116,0.002420,0.423051
img_02384.jpg,0.324050,0.054026,0.003423,0.001693,0.012433,0.172147,0.095476,0.336753
img_02398.jpg,0.564715,0.007920,0.025267,0.043183,0.002837,0.240493,0.001235,0.114351
img_02400.jpg,0.780955,0.007082,0.024666,0.001419,0.016165,0.125799,0.000406,0.043507
img_02406.jpg,0.405462,0.027401,0.020817,0.245296,0.017441,0.271463,0.004659,0.007459
img_02412.jpg,0.802163,0.000785,0.001538,0.000197,0.045244,0.001130,0.000347,0.148596
img_02416.jpg,0.635610,0.292962,0.013805,0.000728,0.013453,0.006661,0.001599,0.035182
img_02422.jpg,0.188058,0.151281,0.001702,0.003559,0.003240,0.159261,0.126137,0.366760
img_02479.jpg,0.048703,0.003444,0.000316,0.000095,0.937608,0.001176,0.002212,0.006446
img_02486.jpg,0.752219,0.019689,0.033034,0.001056,0.003506,0.111243,0.000962,0.078290
img_02487.jpg,0.889761,0.005615,0.000476,0.000051,0.039218,0.000651,0.001047,0.063182
img_02507.jpg,0.628111,0.029783,0.210873,0.008017,0.021063,0.050371,0.010947,0.040834
img_02522.jpg,0.802930,0.108970,0.000869,0.018080,0.027066,0.028215,0.004200,0.009670
img_02540.jpg,0.727285,0.038283,0.058343,0.006867,0.020440,0.094112,0.008086,0.046583
img_02546.jpg,0.412479,0.027715,0.002013,0.000177,0.070615,0.003163,0.000176,0.483660
img_02556.jpg,0.497236,0.014079,0.004450,0.001690,0.007712,0.006642,0.031331,0.436860
img_02560.jpg,0.037032,0.006197,0.000970,0.001738,0.935373,0.001439,0.000900,0.016350
img_02563.jpg,0.001708,0.001284,0.000472,0.000224,0.993400,0.001798,0.000184,0.000931
img_02565.jpg,0.511271,0.043254,0.011340,0.002249,0.004749,0.111466,0.117896,0.197774
img_02573.jpg,0.653789,0.263921,0.018631,0.000837,0.007215,0.014299,0.001809,0.039499
img_02574.jpg,0.375981,0.009398,0.000951,0.000917,0.582717,0.013214,0.001420,0.015402
img_02602.jpg,0.776503,0.110136,0.000850,0.001460,0.066686,0.013724,0.000634,0.030007
img_02607.jpg,0.135073,0.016498,0.021840,0.008236,0.706345,0.022819,0.004522,0.084667
img_02622.jpg,0.851676,0.011319,0.000553,0.000547,0.006594,0.017562,0.022302,0.089447
img_02625.jpg,0.485205,0.074680,0.004937,0.009244,0.021176,0.342361,0.028409,0.033989
img_02636.jpg,0.759925,0.111328,0.009188,0.000537,0.031380,0.002473,0.002391,0.082778
img_02638.jpg,0.976532,0.004055,0.000596,0.001044,0.000953,0.007966,0.000407,0.008446
img_02641.jpg,0.967834,0.000957,0.001084,0.000111,0.002615,0.013064,0.000060,0.014275
img_02646.jpg,0.081343,0.006993,0.001294,0.002945,0.007008,0.027770,0.004064,0.868584
img_02648.jpg,0.112482,0.016180,0.172226,0.000979,0.016967,0.014163,0.000765,0.666237
img_02651.jpg,0.843929,0.001823,0.004207,0.000046,0.131513,0.000885,0.000309,0.017289
img_02656.jpg,0.800597,0.108807,0.001691,0.018524,0.000523,0.029544,0.002128,0.038185
img_02666.jpg,0.880681,0.003797,0.000817,0.000040,0.037207,0.000982,0.000197,0.076280
img_02679.jpg,0.489254,0.236360,0.003241,0.008798,0.202912,0.002064,0.000889,0.056482
img_02687.jpg,0.047307,0.001475,0.001787,0.000680,0.020897,0.003327,0.000875,0.923654
img_02699.jpg,0.669804,0.004165,0.000845,0.000232,0.231500,0.013012,0.017506,0.062936
img_02702.jpg,0.975858,0.000589,0.000988,0.000037,0.009001,0.000361,0.000212,0.012954
img_02703.jpg,0.256879,0.014727,0.006817,0.002502,0.067375,0.023827,0.005710,0.622162
img_02709.jpg,0.920699,0.006587,0.015925,0.012960,0.007259,0.023019,0.000582,0.012968
img_02726.jpg,0.689376,0.007246,0.060102,0.001715,0.213083,0.007510,0.001795,0.019172
img_02733.jpg,0.812884,0.037535,0.008359,0.036409,0.045247,0.050220,0.000816,0.008529
img_02734.jpg,0.696363,0.018344,0.001886,0.003105,0.090433,0.159359,0.001781,0.028729
img_02739.jpg,0.988661,0.002870,0.000124,0.000039,0.006023,0.000442,0.000106,0.001734
img_02749.jpg,0.729420,0.009210,0.004273,0.036200,0.056825,0.147891,0.001000,0.015180
img_02759.jpg,0.032194,0.022315,0.021324,0.000349,0.002019,0.017437,0.001176,0.903185
img_02764.jpg,0.930152,0.001624,0.000536,0.000193,0.061488,0.004128,0.000112,0.001768
img_02766.jpg,0.994609,0.000615,0.000920,0.000022,0.000753,0.000045,0.000151,0.002884
img_02769.jpg,0.081565,0.029834,0.032766,0.000595,0.001995,0.015348,0.002479,0.835419
img_02771.jpg,0.922263,0.027924,0.001766,0.004035,0.000249,0.006846,0.000260,0.036657
img_02789.jpg,0.170495,0.000498,0.000470,0.000079,0.808528,0.001525,0.012980,0.005424
img_02799.jpg,0.963699,0.007642,0.000209,0.000074,0.025371,0.000531,0.000273,0.002201
img_02808.jpg,0.827331,0.010981,0.008860,0.038087,0.007851,0.092272,0.000680,0.013938
img_02811.jpg,0.551857,0.001474,0.004801,0.021785,0.232221,0.177782,0.000954,0.009125
img_02830.jpg,0.207004,0.083467,0.004807,0.006698,0.009856,0.175081,0.291245,0.221841
img_02834.jpg,0.438769,0.034096,0.001297,0.002269,0.008705,0.036859,0.040581,0.437424
img_02837.jpg,0.559943,0.169536,0.002217,0.002744,0.049255,0.013239,0.006603,0.196463
img_02838.jpg,0.866412,0.035226,0.020263,0.002179,0.027391,0.037151,0.003662,0.007715
img_02842.jpg,0.199798,0.013301,0.000941,0.001260,0.009632,0.739859,0.014999,0.020210
img_02857.jpg,0.693852,0.051294,0.002834,0.000308,0.229160,0.003252,0.000155,0.019146
img_02865.jpg,0.004978,0.002631,0.000036,0.000014,0.985471,0.000312,0.000049,0.006507
img_02871.jpg,0.171597,0.127456,0.002040,0.006740,0.014332,0.088207,0.175273,0.414355
img_02876.jpg,0.041016,0.053374,0.065613,0.002786,0.068296,0.009555,0.001486,0.757873
img_02889.jpg,0.878242,0.012828,0.021383,0.028126,0.021884,0.013851,0.001619,0.022067
img_02890.jpg,0.409316,0.010526,0.003846,0.065012,0.003966,0.503686,0.001305,0.002344
img_02899.jpg,0.777582,0.007507,0.005108,0.129805,0.027868,0.030088,0.000392,0.021651
img_02904.jpg,0.986532,0.001500,0.002757,0.000392,0.000843,0.003506,0.000137,0.004333
img_02911.jpg,0.289144,0.153348,0.007204,0.035358,0.414369,0.063411,0.011289,0.025876
img_02916.jpg,0.913412,0.005514,0.033418,0.001066,0.004326,0.027658,0.000204,0.014401
img_02920.jpg,0.991929,0.003590,0.000052,0.000165,0.000067,0.003058,0.000074,0.001065
img_02943.jpg,0.958204,0.002595,0.001148,0.011311,0.000648,0.023900,0.000195,0.002000
img_02949.jpg,0.868032,0.002296,0.074481,0.012849,0.021263,0.010965,0.000427,0.009687
img_02954.jpg,0.226696,0.159729,0.012211,0.000442,0.120072,0.030602,0.006880,0.443368
img_02956.jpg,0.835252,0.012104,0.004620,0.000431,0.001586,0.003343,0.001129,0.141535
img_02964.jpg,0.003575,0.026034,0.050023,0.000074,0.000863,0.006056,0.000655,0.912720
img_02974.jpg,0.575796,0.024907,0.013317,0.000319,0.121054,0.005118,0.003006,0.256484
img_02977.jpg,0.364976,0.186492,0.000357,0.000214,0.355600,0.002273,0.000323,0.089765
img_02993.jpg,0.074106,0.032363,0.064646,0.000380,0.002373,0.020902,0.004300,0.800929
img_03014.jpg,0.001767,0.002536,0.000345,0.000037,0.983482,0.005255,0.000220,0.006359
img_03043.jpg,0.065043,0.048473,0.091386,0.000246,0.009069,0.037677,0.006365,0.741740
img_03055.jpg,0.890971,0.020296,0.001990,0.003553,0.000707,0.035654,0.001098,0.045732
img_03064.jpg,0.677060,0.026817,0.003900,0.001809,0.022096,0.078243,0.072636,0.117439
img_03069.jpg,0.678922,0.087640,0.001482,0.006437,0.004516,0.031557,0.041972,0.147474
img_03074.jpg,0.963226,0.018752,0.001016,0.002918,0.000954,0.001237,0.001547,0.010349
img_03078.jpg,0.775590,0.082462,0.002571,0.004340,0.002309,0.006155,0.002813,0.123760
img_03080.jpg,0.952624,0.000540,0.000745,0.000096,0.016815,0.000467,0.000501,0.028212
img_03082.jpg,0.444205,0.144310,0.002081,0.001498,0.004149,0.003126,0.000880,0.399751
img_03087.jpg,0.292132,0.015118,0.001213,0.000625,0.672983,0.003987,0.000914,0.013028
img_03116.jpg,0.012535,0.023085,0.000369,0.000030,0.827047,0.000460,0.000088,0.136385
img_03128.jpg,0.823374,0.009140,0.001543,0.000478,0.002568,0.025535,0.032806,0.104555
img_03135.jpg,0.413694,0.016634,0.001807,0.001066,0.007729,0.006784,0.015454,0.536831
img_03140.jpg,0.858215,0.050414,0.000615,0.001600,0.039240,0.021116,0.000366,0.028435
img_03166.jpg,0.819130,0.002640,0.001041,0.000148,0.168593,0.002261,0.001634,0.004552
img_03169.jpg,0.009916,0.194667,0.223411,0.000638,0.003980,0.008539,0.002524,0.556325
img_03181.jpg,0.407981,0.131694,0.003420,0.002563,0.031205,0.405732,0.002812,0.014594
img_03195.jpg,0.436449,0.119589,0.001284,0.002991,0.004747,0.093698,0.031875,0.309367
img_03199.jpg,0.891976,0.002934,0.002463,0.000770,0.005427,0.009324,0.007684,0.079422
img_03210.jpg,0.024616,0.080342,0.214740,0.000279,0.023324,0.017180,0.002088,0.637430
img_03220.jpg,0.887113,0.003708,0.000699,0.002825,0.089432,0.008701,0.000956,0.006566
img_03222.jpg,0.558921,0.232455,0.000515,0.003508,0.005196,0.172913,0.003977,0.022516
img_03223.jpg,0.637544,0.117180,0.002838,0.005019,0.066889,0.012823,0.016827,0.140879
img_03228.jpg,0.740489,0.030993,0.001506,0.036920,0.003825,0.020831,0.000310,0.165123
img_03229.jpg,0.158761,0.096510,0.005134,0.002468,0.001008,0.100712,0.341836,0.293571
img_03231.jpg,0.598372,0.047508,0.071500,0.005428,0.046247,0.018175,0.001304,0.211466
img_03238.jpg,0.433813,0.032113,0.003444,0.003929,0.006840,0.107955,0.048796,0.363110
img_03239.jpg,0.007702,0.048953,0.000938,0.000441,0.006235,0.000615,0.931669,0.003448
img_03252.jpg,0.973188,0.004972,0.001929,0.000059,0.013909,0.000099,0.000068,0.005775
img_03254.jpg,0.169307,0.029556,0.002327,0.003472,0.025924,0.727322,0.012956,0.029136
img_03260.jpg,0.859307,0.003097,0.008002,0.002610,0.010475,0.083696,0.002695,0.030118
img_03261.jpg,0.791504,0.143004,0.016554,0.001954,0.017824,0.013893,0.002323,0.012944
img_03270.jpg,0.504683,0.002856,0.004568,0.000593,0.025234,0.020946,0.002684,0.438435
img_03283.jpg,0.332303,0.089586,0.020467,0.018939,0.002371,0.077279,0.008533,0.450522
img_03290.jpg,0.444411,0.010146,0.004510,0.000707,0.004404,0.010219,0.009175,0.516429
img_03297.jpg,0.980676,0.004294,0.001502,0.000357,0.001126,0.002027,0.000113,0.009905
img_03310.jpg,0.645280,0.174709,0.000602,0.025579,0.012987,0.108418,0.005307,0.027118
img_03312.jpg,0.749602,0.135694,0.001217,0.001980,0.001536,0.041091,0.004939,0.063941
img_03324.jpg,0.030624,0.164959,0.148675,0.000604,0.001459,0.014060,0.001636,0.637982
img_03333.jpg,0.680075,0.048004,0.001962,0.003265,0.012347,0.146222,0.038677,0.069448
img_03342.jpg,0.667088,0.039408,0.000598,0.001179,0.008120,0.027282,0.012061,0.244264
img_03346.jpg,0.847973,0.040431,0.005621,0.003779,0.005844,0.077640,0.004080,0.014634
img_03355.jpg,0.217653,0.006903,0.004828,0.000702,0.003440,0.006711,0.013687,0.746076
img_03361.jpg,0.080209,0.787822,0.002114,0.000687,0.008510,0.005986,0.001492,0.113180
img_03370.jpg,0.794649,0.008913,0.001207,0.000690,0.001543,0.010082,0.014428,0.168488
img_03399.jpg,0.792536,0.087065,0.000223,0.002737,0.011481,0.097557,0.002096,0.006305
img_03410.jpg,0.643274,0.014043,0.000315,0.000036,0.322756,0.000436,0.000220,0.018920
img_03422.jpg,0.714722,0.022748,0.019879,0.063482,0.008894,0.139127,0.001236,0.029912
img_03426.jpg,0.889764,0.001893,0.001266,0.000736,0.076575,0.003341,0.000836,0.025589
img_03439.jpg,0.709794,0.004240,0.003564,0.045957,0.036647,0.183468,0.000752,0.015578
img_03440.jpg,0.019441,0.051995,0.059194,0.000198,0.003572,0.003973,0.001772,0.859856
img_03444.jpg,0.620749,0.274638,0.012231,0.001832,0.003801,0.025985,0.007207,0.053558
img_03445.jpg,0.716890,0.001608,0.000600,0.000147,0.236595,0.000379,0.001088,0.042694
img_03446.jpg,0.015799,0.091594,0.466659,0.000535,0.003851,0.008940,0.003375,0.409247
img_03452.jpg,0.059717,0.849972,0.002488,0.000171,0.003973,0.003849,0.001697,0.078133
img_03454.jpg,0.845178,0.001107,0.000863,0.000115,0.143148,0.002793,0.002354,0.004443
img_03456.jpg,0.001407,0.001456,0.000157,0.000015,0.991124,0.002352,0.000212,0.003276
img_03457.jpg,0.775922,0.009075,0.012343,0.001273,0.039916,0.044871,0.001596,0.115005
img_03471.jpg,0.703806,0.037265,0.038533,0.104165,0.033608,0.008947,0.042436,0.031241
img_03475.jpg,0.304961,0.004881,0.000996,0.000086,0.670588,0.000660,0.000087,0.017742
img_03488.jpg,0.914545,0.041233,0.000565,0.001166,0.000226,0.033214,0.000518,0.008533
img_03490.jpg,0.511440,0.408252,0.009605,0.000744,0.010507,0.006777,0.001147,0.051530
img_03502.jpg,0.750999,0.019615,0.001083,0.001426,0.009431,0.022153,0.021111,0.174182
img_03504.jpg,0.583589,0.111666,0.004360,0.002964,0.036891,0.240060,0.003291,0.017180
img_03520.jpg,0.758661,0.022208,0.029969,0.003498,0.133234,0.020725,0.002291,0.029414
img_03527.jpg,0.014424,0.129084,0.090137,0.000179,0.004548,0.022957,0.001056,0.737617
img_03547.jpg,0.960444,0.015361,0.000671,0.004892,0.000228,0.010934,0.003567,0.003904
img_03548.jpg,0.490197,0.017764,0.004708,0.003659,0.009251,0.185066,0.040304,0.249050
img_03554.jpg,0.966166,0.007720,0.000395,0.000112,0.020501,0.000841,0.000391,0.003873
img_03563.jpg,0.679530,0.078922,0.003102,0.003343,0.005431,0.017956,0.004146,0.207571
img_03581.jpg,0.735837,0.003958,0.003907,0.034076,0.030651,0.177706,0.000488,0.013376
img_03584.jpg,0.014057,0.009710,0.025500,0.000281,0.084048,0.002546,0.002284,0.861573
img_03587.jpg,0.179109,0.030483,0.001327,0.001311,0.004887,0.014051,0.030873,0.737959
img_03588.jpg,0.247541,0.039384,0.001596,0.004664,0.028137,0.628387,0.030615,0.019678
img_03602.jpg,0.212947,0.017815,0.001353,0.001767,0.008351,0.724638,0.011356,0.021773
img_03627.jpg,0.972171,0.002186,0.001282,0.000058,0.021143,0.000066,0.000040,0.003054
img_03628.jpg,0.989634,0.000545,0.000904,0.000188,0.001317,0.000642,0.000250,0.006519
img_03652.jpg,0.920739,0.003777,0.000903,0.000295,0.064619,0.004919,0.000202,0.004547
img_03670.jpg,0.831851,0.000867,0.001675,0.000256,0.152862,0.005928,0.003470,0.003092
img_03674.jpg,0.205795,0.024550,0.004429,0.005593,0.730835,0.006221,0.002565,0.020012
img_03677.jpg,0.887689,0.016244,0.010793,0.014107,0.002017,0.035073,0.001177,0.032901
img_03711.jpg,0.903677,0.004565,0.005304,0.000285,0.004257,0.013729,0.000502,0.067681
img_03715.jpg,0.528478,0.022746,0.008703,0.071098,0.269060,0.067865,0.003770,0.028279
img_03718.jpg,0.573383,0.006038,0.006421,0.023529,0.059412,0.310126,0.000581,0.020510
img_03726.jpg,0.056023,0.254861,0.001999,0.093132,0.080686,0.235451,0.027486,0.250363
img_03739.jpg,0.017008,0.031339,0.050561,0.000437,0.002992,0.060489,0.003756,0.833418
img_03749.jpg,0.356662,0.092591,0.004245,0.015776,0.026607,0.059600,0.049547,0.394972
img_03750.jpg,0.368300,0.038413,0.003132,0.002319,0.025425,0.099516,0.172868,0.290028
img_03760.jpg,0.513811,0.046751,0.002921,0.007524,0.010060,0.105496,0.048049,0.265386
img_03764.jpg,0.992840,0.001732,0.000638,0.000106,0.000050,0.001967,0.000086,0.002582
img_03776.jpg,0.556555,0.003024,0.006631,0.000170,0.333093,0.000556,0.000664,0.099307
img_03801.jpg,0.846728,0.001874,0.001118,0.000252,0.044031,0.005972,0.000835,0.099189
img_03805.jpg,0.861078,0.059739,0.004004,0.013174,0.005189,0.019056,0.001123,0.036638
img_03809.jpg,0.303461,0.473566,0.016605,0.001141,0.082378,0.003747,0.019547,0.099556
img_03825.jpg,0.967118,0.015791,0.000281,0.000903,0.001830,0.004133,0.000473,0.009471
