image_name,Type_1,Type_2,Type_3
Type_1/1134.jpg,0.180481,0.746413,0.073106
Type_1/623.jpg,0.401021,0.462228,0.136751
Type_1/1273.jpg,0.343079,0.563238,0.093682
Type_1/1389.jpg,0.385307,0.586399,0.028294
Type_1/879.jpg,0.322053,0.561117,0.116830
Type_1/262.jpg,0.411052,0.513969,0.074979
Type_1/908.jpg,0.372104,0.523968,0.103929
Type_1/906.jpg,0.318853,0.652138,0.029009
Type_1/558.jpg,0.231165,0.728695,0.040140
Type_1/739.jpg,0.099843,0.698983,0.201174
Type_1/855.jpg,0.303871,0.499028,0.197101
Type_1/463.jpg,0.061055,0.889165,0.049781
Type_1/1226.jpg,0.103980,0.799795,0.096226
Type_1/751.jpg,0.280868,0.550771,0.168361
Type_1/1161.jpg,0.066987,0.716207,0.216806
Type_1/425.jpg,0.076635,0.724115,0.199249
Type_1/1154.jpg,0.233637,0.448155,0.318208
Type_1/208.jpg,0.206556,0.698238,0.095206
Type_1/787.jpg,0.024020,0.285837,0.690143
Type_1/180.jpg,0.165204,0.802061,0.032736
Type_1/229.jpg,0.082081,0.648378,0.269541
Type_1/230.jpg,0.085487,0.834124,0.080388
Type_1/1014.jpg,0.310141,0.661910,0.027949
Type_1/1056.jpg,0.302624,0.583741,0.113634
Type_1/311.jpg,0.284684,0.704178,0.011138
Type_1/1202.jpg,0.483604,0.490353,0.026044
Type_1/379.jpg,0.455722,0.528182,0.016096
Type_1/1440.jpg,0.449662,0.514108,0.036230
Type_1/34.jpg,0.050524,0.836142,0.113334
Type_1/880.jpg,0.460330,0.518011,0.021660
Type_1/333.jpg,0.497250,0.488963,0.013787
Type_1/401.jpg,0.365193,0.547427,0.087380
Type_1/1430.jpg,0.198028,0.767432,0.034540
Type_1/683.jpg,0.452286,0.531966,0.015748
Type_1/765.jpg,0.611135,0.379554,0.009311
Type_1/930.jpg,0.160742,0.792467,0.046791
Type_1/160.jpg,0.476328,0.466476,0.057196
Type_1/513.jpg,0.118345,0.520040,0.361615
Type_1/1061.jpg,0.044842,0.600827,0.354331
Type_1/685.jpg,0.259100,0.710841,0.030059
Type_1/895.jpg,0.197977,0.702770,0.099254
Type_1/346.jpg,0.497458,0.491333,0.011209
Type_1/846.jpg,0.045592,0.457728,0.496680
Type_1/732.jpg,0.356060,0.592086,0.051854
Type_1/814.jpg,0.139691,0.537275,0.323034
Type_1/10.jpg,0.177017,0.774259,0.048724
Type_1/580.jpg,0.177647,0.751597,0.070757
Type_1/1168.jpg,0.601199,0.391766,0.007036
Type_1/139.jpg,0.239785,0.720378,0.039838
Type_1/700.jpg,0.254800,0.727384,0.017816
Type_1/889.jpg,0.205329,0.765491,0.029180
Type_1/709.jpg,0.098348,0.662148,0.239504
Type_1/653.jpg,0.250247,0.673979,0.075774
Type_1/516.jpg,0.234484,0.718748,0.046767
Type_1/562.jpg,0.084945,0.797196,0.117859
Type_1/833.jpg,0.053562,0.305586,0.640852
Type_1/446.jpg,0.437660,0.463125,0.099215
Type_1/0.jpg,0.132861,0.567419,0.299720
Type_1/518.jpg,0.242335,0.692120,0.065545
Type_1/1288.jpg,0.080503,0.456428,0.463069
Type_1/57.jpg,0.474254,0.515191,0.010555
Type_1/308.jpg,0.051505,0.597308,0.351187
Type_1/536.jpg,0.313905,0.593723,0.092371
Type_1/1274.jpg,0.578643,0.408848,0.012510
Type_1/783.jpg,0.494494,0.459098,0.046407
Type_1/252.jpg,0.331901,0.653498,0.014601
Type_1/1427.jpg,0.220811,0.738737,0.040451
Type_1/1344.jpg,0.285478,0.532265,0.182257
Type_1/109.jpg,0.045261,0.368935,0.585805
Type_1/245.jpg,0.159029,0.796472,0.044499
Type_1/27.jpg,0.053196,0.262803,0.684002
Type_1/583.jpg,0.242938,0.705401,0.051661
Type_1/593.jpg,0.009731,0.082507,0.907762
Type_1/1308.jpg,0.466446,0.501304,0.032250
Type_1/928.jpg,0.435710,0.537547,0.026742
Type_1/1131.jpg,0.436584,0.544019,0.019397
Type_1/965.jpg,0.454938,0.469321,0.075741
Type_1/1245.jpg,0.211760,0.726139,0.062101
Type_1/1024.jpg,0.447120,0.484205,0.068675
Type_1/605.jpg,0.032968,0.194850,0.772183
Type_1/984.jpg,0.040346,0.440313,0.519341
Type_1/1199.jpg,0.164731,0.794379,0.040891
Type_1/1023.jpg,0.408879,0.554293,0.036828
Type_1/484.jpg,0.195067,0.646236,0.158697
Type_1/416.jpg,0.143475,0.810283,0.046243
Type_1/1422.jpg,0.307822,0.667802,0.024375
Type_1/725.jpg,0.387730,0.499923,0.112347
Type_1/215.jpg,0.577600,0.405800,0.016600
Type_1/421.jpg,0.440363,0.484087,0.075550
Type_1/649.jpg,0.278466,0.699961,0.021573
Type_1/842.jpg,0.291645,0.626101,0.082254
Type_1/550.jpg,0.280242,0.554748,0.165011
Type_1/596.jpg,0.122293,0.733607,0.144100
Type_1/887.jpg,0.537804,0.452833,0.009362
Type_1/1013.jpg,0.187360,0.755283,0.057357
Type_1/81.jpg,0.388334,0.587300,0.024366
Type_1/531.jpg,0.312594,0.489866,0.197540
Type_1/35.jpg,0.093128,0.348968,0.557904
Type_1/901.jpg,0.200449,0.539348,0.260203
Type_1/383.jpg,0.504281,0.455437,0.040282
Type_1/1040.jpg,0.526751,0.421659,0.051590
Type_1/96.jpg,0.322304,0.586225,0.091471
Type_1/539.jpg,0.176313,0.791965,0.031721
Type_1/1251.jpg,0.487485,0.483267,0.029248
Type_1/1223.jpg,0.182971,0.628945,0.188085
Type_1/1473.jpg,0.093456,0.822220,0.084324
Type_1/306.jpg,0.373082,0.556650,0.070268
Type_1/759.jpg,0.110298,0.818524,0.071178
Type_1/176.jpg,0.198618,0.680869,0.120513
Type_1/1179.jpg,0.457690,0.534332,0.007978
Type_1/376.jpg,0.331917,0.477073,0.191010
Type_1/1339.jpg,0.429381,0.536922,0.033698
Type_1/1026.jpg,0.264017,0.720264,0.015719
Type_1/129.jpg,0.440645,0.519723,0.039632
Type_1/1279.jpg,0.146186,0.383854,0.469960
Type_1/1336.jpg,0.258236,0.658579,0.083185
Type_1/469.jpg,0.225068,0.715437,0.059495
Type_1/890.jpg,0.343785,0.635614,0.020601
Type_1/144.jpg,0.145871,0.725334,0.128795
Type_1/1019.jpg,0.145925,0.736723,0.117352
Type_1/1190.jpg,0.088144,0.746257,0.165598
Type_1/1027.jpg,0.276281,0.711301,0.012417
Type_1/836.jpg,0.170190,0.475080,0.354730
Type_1/1059.jpg,0.174335,0.796206,0.029459
Type_1/643.jpg,0.095881,0.369151,0.534968
Type_1/921.jpg,0.074196,0.301546,0.624258
Type_1/1281.jpg,0.450264,0.492261,0.057475
Type_1/821.jpg,0.192494,0.681137,0.126370
Type_1/434.jpg,0.274611,0.710705,0.014684
Type_1/298.jpg,0.251419,0.503581,0.245000
Type_1/334.jpg,0.363278,0.532711,0.104011
Type_1/384.jpg,0.417958,0.545679,0.036362
Type_1/1100.jpg,0.245690,0.629194,0.125116
Type_1/1230.jpg,0.131075,0.721402,0.147523
Type_1/481.jpg,0.190349,0.777779,0.031872
Type_1/553.jpg,0.110659,0.674206,0.215135
Type_1/667.jpg,0.075274,0.797767,0.126959
Type_1/218.jpg,0.605221,0.367303,0.027476
Type_1/817.jpg,0.323683,0.552388,0.123929
Type_1/1136.jpg,0.124075,0.765874,0.110051
Type_1/1346.jpg,0.219225,0.721278,0.059496
Type_1/1314.jpg,0.351973,0.551622,0.096405
Type_1/181.jpg,0.048351,0.471703,0.479946
Type_1/972.jpg,0.285387,0.693027,0.021586
Type_1/349.jpg,0.199847,0.437603,0.362550
Type_1/727.jpg,0.482897,0.458239,0.058865
Type_1/1229.jpg,0.277828,0.682427,0.039745
Type_1/619.jpg,0.039676,0.400974,0.559349
Type_1/779.jpg,0.406972,0.577217,0.015811
Type_1/248.jpg,0.484475,0.427720,0.087804
Type_1/1194.jpg,0.168725,0.675247,0.156028
Type_1/708.jpg,0.342399,0.622100,0.035501
Type_1/713.jpg,0.374003,0.613469,0.012527
Type_1/13.jpg,0.312458,0.527828,0.159714
Type_1/1370.jpg,0.192106,0.470300,0.337595
Type_1/578.jpg,0.310732,0.645340,0.043927
Type_1/281.jpg,0.144207,0.775654,0.080139
Type_1/645.jpg,0.393157,0.589406,0.017437
Type_1/104.jpg,0.181194,0.689990,0.128816
Type_1/620.jpg,0.196407,0.692325,0.111268
Type_1/1324.jpg,0.037586,0.269676,0.692738
Type_1/1239.jpg,0.227878,0.682760,0.089362
Type_1/809.jpg,0.340874,0.650195,0.008932
Type_1/918.jpg,0.544502,0.422238,0.033259
Type_1/677.jpg,0.069140,0.489176,0.441685
Type_1/148.jpg,0.598420,0.392579,0.009001
Type_1/991.jpg,0.316253,0.518273,0.165474
Type_1/579.jpg,0.169110,0.741573,0.089316
Type_1/663.jpg,0.198536,0.757029,0.044435
Type_1/668.jpg,0.186873,0.719329,0.093799
Type_1/470.jpg,0.485068,0.492900,0.022031
Type_1/560.jpg,0.272832,0.702789,0.024379
Type_1/342.jpg,0.209988,0.657862,0.132150
Type_1/805.jpg,0.448332,0.481929,0.069739
Type_1/763.jpg,0.548157,0.431748,0.020095
Type_1/205.jpg,0.691032,0.302619,0.006349
Type_1/1220.jpg,0.158676,0.675454,0.165869
Type_1/1123.jpg,0.329892,0.624957,0.045151
Type_1/582.jpg,0.277710,0.661911,0.060378
Type_1/294.jpg,0.343653,0.645530,0.010817
Type_1/265.jpg,0.364421,0.488382,0.147196
Type_1/338.jpg,0.059779,0.346217,0.594003
Type_1/1456.jpg,0.494954,0.486489,0.018557
Type_1/48.jpg,0.555388,0.432809,0.011803
Type_1/1139.jpg,0.487765,0.502568,0.009667
Type_1/239.jpg,0.408355,0.584403,0.007241
Type_1/7.jpg,0.392377,0.502821,0.104802
Type_1/745.jpg,0.370917,0.608143,0.020940
Type_1/1384.jpg,0.479932,0.498861,0.021207
Type_1/1033.jpg,0.379330,0.476300,0.144370
Type_1/1326.jpg,0.102702,0.562891,0.334407
Type_1/1414.jpg,0.208772,0.763980,0.027248
Type_1/660.jpg,0.184768,0.619494,0.195738
Type_1/1464.jpg,0.470772,0.457153,0.072076
Type_1/55.jpg,0.536298,0.436787,0.026915
Type_1/1174.jpg,0.337504,0.575170,0.087326
Type_1/201.jpg,0.341725,0.567320,0.090956
Type_1/138.jpg,0.312240,0.617460,0.070300
Type_1/1468.jpg,0.078397,0.621795,0.299808
Type_1/810.jpg,0.364254,0.590810,0.044936
Type_1/1204.jpg,0.504478,0.415636,0.079885
Type_1/171.jpg,0.427091,0.522608,0.050301
Type_1/769.jpg,0.431289,0.534643,0.034068
Type_1/1393.jpg,0.072962,0.585281,0.341756
Type_1/441.jpg,0.141789,0.817911,0.040300
Type_1/14.jpg,0.095078,0.623536,0.281386
Type_1/1071.jpg,0.072675,0.272917,0.654408
Type_1/471.jpg,0.210025,0.695199,0.094776
Type_1/1105.jpg,0.449309,0.525448,0.025244
Type_1/998.jpg,0.338265,0.590772,0.070962
Type_1/387.jpg,0.484987,0.484970,0.030043
Type_1/191.jpg,0.321005,0.618694,0.060301
Type_1/982.jpg,0.376593,0.608627,0.014780
Type_1/576.jpg,0.394647,0.549722,0.055631
Type_1/551.jpg,0.196941,0.693886,0.109173
Type_1/891.jpg,0.512703,0.463241,0.024056
Type_1/102.jpg,0.389120,0.502979,0.107901
Type_1/532.jpg,0.144684,0.638675,0.216641
Type_1/1390.jpg,0.295304,0.518282,0.186414
Type_1/478.jpg,0.196906,0.653043,0.150051
Type_1/142.jpg,0.231687,0.750159,0.018154
Type_1/917.jpg,0.450437,0.467691,0.081872
Type_1/791.jpg,0.099198,0.746637,0.154164
Type_1/237.jpg,0.073914,0.803469,0.122617
Type_1/497.jpg,0.410544,0.482021,0.107435
Type_1/396.jpg,0.058678,0.816465,0.124857
Type_1/1289.jpg,0.249188,0.622962,0.127850
Type_1/764.jpg,0.161986,0.742751,0.095263
Type_1/873.jpg,0.301386,0.678424,0.020189
Type_1/1285.jpg,0.306703,0.520149,0.173149
Type_1/1093.jpg,0.098883,0.643257,0.257860
Type_1/41.jpg,0.320678,0.596128,0.083194
Type_1/47.jpg,0.499683,0.476561,0.023757
Type_1/1437.jpg,0.525866,0.433400,0.040733
Type_1/1077.jpg,0.410286,0.576612,0.013103
Type_1/356.jpg,0.383272,0.535223,0.081505
Type_1/977.jpg,0.345982,0.589867,0.064151
Type_1/624.jpg,0.377576,0.583688,0.038735
Type_1/1070.jpg,0.055505,0.778788,0.165707
Type_1/710.jpg,0.103165,0.341160,0.555675
Type_1/1079.jpg,0.504054,0.463527,0.032419
Type_1/920.jpg,0.343713,0.600365,0.055921
Type_1/12.jpg,0.026786,0.244629,0.728585
Type_1/1320.jpg,0.063232,0.635241,0.301526
Type_1/641.jpg,0.245511,0.735953,0.018536
Type_1/802.jpg,0.255440,0.670400,0.074160
Type_1/254.jpg,0.167337,0.804533,0.028131
Type_1/523.jpg,0.285506,0.545034,0.169460
Type_1/454.jpg,0.362355,0.565481,0.072164
Type_1/267.jpg,0.331845,0.526701,0.141455
Type_2/1316.jpg,0.049491,0.871099,0.079411
Type_2/1188.jpg,0.049673,0.186699,0.763628
Type_2/883.jpg,0.074840,0.790437,0.134723
Type_2/1264.jpg,0.039904,0.405779,0.554317
Type_2/1074.jpg,0.010248,0.081643,0.908109
Type_2/1159.jpg,0.474740,0.515667,0.009593
Type_2/418.jpg,0.031506,0.297827,0.670667
Type_2/1428.jpg,0.044551,0.466322,0.489127
Type_2/403.jpg,0.505847,0.475177,0.018977
Type_2/693.jpg,0.225740,0.736185,0.038075
Type_2/863.jpg,0.021002,0.291387,0.687610
Type_2/777.jpg,0.039285,0.653920,0.306795
Type_2/374.jpg,0.146761,0.815308,0.037930
Type_2/72.jpg,0.081573,0.668590,0.249837
Type_2/389.jpg,0.086006,0.599619,0.314375
Type_2/1352.jpg,0.025738,0.410714,0.563548
Type_2/487.jpg,0.046802,0.691058,0.262139
Type_2/117.jpg,0.434240,0.554917,0.010844
Type_2/84.jpg,0.015155,0.220791,0.764053
Type_2/634.jpg,0.035778,0.415057,0.549165
Type_2/971.jpg,0.264579,0.604984,0.130437
Type_2/601.jpg,0.034949,0.240396,0.724655
Type_2/1148.jpg,0.112567,0.776390,0.111042
Type_2/549.jpg,0.022895,0.132627,0.844478
Type_2/718.jpg,0.495152,0.477733,0.027116
Type_2/912.jpg,0.027400,0.235506,0.737094
Type_2/312.jpg,0.088287,0.691192,0.220521
Type_2/1386.jpg,0.263823,0.703622,0.032556
Type_2/159.jpg,0.306631,0.589860,0.103509
Type_2/1354.jpg,0.033609,0.578537,0.387855
Type_2/1388.jpg,0.192393,0.773501,0.034106
Type_2/644.jpg,0.056359,0.597055,0.346586
Type_2/178.jpg,0.016273,0.370971,0.612756
Type_2/1233.jpg,0.346683,0.546665,0.106652
Type_2/1218.jpg,0.060564,0.801874,0.137562
Type_2/366.jpg,0.048939,0.799025,0.152036
Type_2/216.jpg,0.221752,0.603796,0.174451
Type_2/1109.jpg,0.073152,0.769984,0.156864
Type_2/1102.jpg,0.183168,0.574863,0.241970
Type_2/1365.jpg,0.044649,0.287336,0.668015
Type_2/935.jpg,0.085735,0.791306,0.122959
Type_2/1215.jpg,0.008527,0.175827,0.815646
Type_2/375.jpg,0.012779,0.214587,0.772635
Type_2/976.jpg,0.017289,0.275861,0.706849
Type_2/1066.jpg,0.119362,0.799137,0.081501
Type_2/1122.jpg,0.028820,0.216903,0.754277
Type_2/546.jpg,0.049248,0.779888,0.170864
Type_2/1283.jpg,0.493078,0.472228,0.034694
Type_2/850.jpg,0.061922,0.530528,0.407549
Type_2/157.jpg,0.034279,0.664333,0.301387
Type_2/702.jpg,0.517868,0.466581,0.015551
Type_2/1342.jpg,0.059655,0.593376,0.346969
Type_2/768.jpg,0.373459,0.620307,0.006234
Type_2/960.jpg,0.103165,0.821995,0.074840
Type_2/231.jpg,0.394065,0.592180,0.013755
Type_2/1132.jpg,0.110089,0.790958,0.098952
Type_2/297.jpg,0.084244,0.610169,0.305586
Type_2/493.jpg,0.119514,0.749646,0.130840
Type_2/1383.jpg,0.243316,0.721125,0.035559
Type_2/1231.jpg,0.096018,0.731481,0.172501
Type_2/303.jpg,0.304406,0.682871,0.012723
Type_2/775.jpg,0.039236,0.787872,0.172892
Type_2/1119.jpg,0.013477,0.399736,0.586788
Type_2/852.jpg,0.223656,0.511481,0.264863
Type_2/1036.jpg,0.121697,0.796789,0.081515
Type_2/961.jpg,0.184320,0.629982,0.185698
Type_2/353.jpg,0.129573,0.838737,0.031690
Type_2/1018.jpg,0.017738,0.248274,0.733987
Type_2/447.jpg,0.487139,0.466105,0.046756
Type_2/270.jpg,0.200040,0.602881,0.197079
Type_2/1147.jpg,0.011715,0.378231,0.610053
Type_2/862.jpg,0.219996,0.698305,0.081699
Type_2/756.jpg,0.387644,0.497782,0.114573
Type_2/942.jpg,0.035281,0.552830,0.411889
Type_2/792.jpg,0.117023,0.831906,0.051072
Type_2/1010.jpg,0.083910,0.694885,0.221205
Type_2/1187.jpg,0.023538,0.251055,0.725407
Type_2/1076.jpg,0.190540,0.650329,0.159131
Type_2/1263.jpg,0.273015,0.700588,0.026397
Type_2/712.jpg,0.077173,0.422798,0.500029
Type_2/525.jpg,0.050909,0.343560,0.605531
Type_2/720.jpg,0.128711,0.495911,0.375378
Type_2/1446.jpg,0.089871,0.705874,0.204255
Type_2/177.jpg,0.094948,0.757263,0.147790
Type_2/1276.jpg,0.260496,0.541800,0.197703
Type_2/1149.jpg,0.070052,0.725186,0.204762
Type_2/1302.jpg,0.056238,0.765761,0.178001
Type_2/310.jpg,0.211500,0.761019,0.027480
Type_2/838.jpg,0.475114,0.514854,0.010031
Type_2/1156.jpg,0.053021,0.492515,0.454464
Type_2/938.jpg,0.155035,0.803229,0.041736
Type_2/741.jpg,0.108292,0.728448,0.163260
Type_2/75.jpg,0.023430,0.536627,0.439944
Type_2/1250.jpg,0.124810,0.669934,0.205256
Type_2/1313.jpg,0.059616,0.357376,0.583008
Type_2/925.jpg,0.030045,0.488237,0.481718
Type_2/26.jpg,0.156882,0.741725,0.101393
Type_2/904.jpg,0.072808,0.649644,0.277549
Type_2/53.jpg,0.149918,0.792042,0.058039
Type_2/474.jpg,0.203114,0.624182,0.172704
Type_2/400.jpg,0.028564,0.516753,0.454683
Type_2/1.jpg,0.104838,0.793738,0.101425
Type_2/1426.jpg,0.189854,0.755063,0.055083
Type_2/1140.jpg,0.208255,0.777506,0.014240
Type_2/934.jpg,0.097616,0.766023,0.136361
Type_2/662.jpg,0.039250,0.284737,0.676013
Type_2/1084.jpg,0.050414,0.732595,0.216991
Type_2/1435.jpg,0.020819,0.155256,0.823925
Type_2/1405.jpg,0.098165,0.862002,0.039832
Type_2/1213.jpg,0.017173,0.176739,0.806088
Type_2/1321.jpg,0.090149,0.504553,0.405298
Type_2/296.jpg,0.019638,0.178346,0.802015
Type_2/1125.jpg,0.020419,0.149170,0.830410
Type_2/235.jpg,0.105777,0.731237,0.162986
Type_2/1466.jpg,0.128656,0.578670,0.292674
Type_2/753.jpg,0.024084,0.474035,0.501881
Type_2/957.jpg,0.024602,0.594874,0.380525
Type_2/992.jpg,0.366742,0.598187,0.035072
Type_2/285.jpg,0.044069,0.538814,0.417117
Type_2/535.jpg,0.123302,0.686812,0.189885
Type_2/1340.jpg,0.236181,0.707823,0.055996
Type_2/847.jpg,0.136025,0.547267,0.316708
Type_2/4.jpg,0.122890,0.543506,0.333604
Type_2/1480.jpg,0.625804,0.356047,0.018149
Type_2/1331.jpg,0.318388,0.515513,0.166099
Type_2/723.jpg,0.376429,0.601242,0.022329
Type_2/506.jpg,0.241873,0.707986,0.050141
Type_2/673.jpg,0.053092,0.598378,0.348531
Type_2/1377.jpg,0.128587,0.793452,0.077961
Type_2/97.jpg,0.053876,0.191482,0.754642
Type_2/410.jpg,0.201159,0.777498,0.021343
Type_2/730.jpg,0.196460,0.719776,0.083764
Type_2/997.jpg,0.019955,0.456158,0.523888
Type_2/1478.jpg,0.086318,0.821182,0.092500
Type_2/31.jpg,0.047831,0.741992,0.210177
Type_2/1304.jpg,0.216302,0.751806,0.031892
Type_2/524.jpg,0.654436,0.338892,0.006671
Type_2/94.jpg,0.199030,0.565589,0.235381
Type_2/761.jpg,0.176791,0.542754,0.280455
Type_2/283.jpg,0.147869,0.759073,0.093059
Type_2/729.jpg,0.071016,0.572680,0.356304
Type_2/1117.jpg,0.368475,0.614607,0.016918
Type_2/919.jpg,0.104022,0.526466,0.369512
Type_2/857.jpg,0.261762,0.491303,0.246935
Type_2/257.jpg,0.017415,0.367708,0.614876
Type_2/1098.jpg,0.230610,0.727673,0.041717
Type_2/744.jpg,0.191676,0.576111,0.232213
Type_2/824.jpg,0.096214,0.550719,0.353067
Type_2/595.jpg,0.063790,0.833760,0.102450
Type_2/1145.jpg,0.014871,0.171897,0.813232
Type_2/1392.jpg,0.067121,0.762033,0.170846
Type_2/1219.jpg,0.009613,0.383365,0.607022
Type_2/616.jpg,0.465763,0.510222,0.024016
Type_2/572.jpg,0.035149,0.596218,0.368633
Type_2/116.jpg,0.403634,0.554662,0.041705
Type_2/684.jpg,0.077871,0.670834,0.251295
Type_2/167.jpg,0.094404,0.854212,0.051384
Type_2/1241.jpg,0.076238,0.762543,0.161219
Type_2/1121.jpg,0.074566,0.790507,0.134927
Type_2/43.jpg,0.078066,0.714951,0.206984
Type_2/1379.jpg,0.216429,0.671792,0.111778
Type_2/241.jpg,0.242474,0.725415,0.032110
Type_2/794.jpg,0.251783,0.699951,0.048266
Type_2/1395.jpg,0.064036,0.826700,0.109264
Type_2/165.jpg,0.205560,0.718954,0.075485
Type_2/332.jpg,0.088285,0.651308,0.260406
Type_2/1016.jpg,0.105770,0.800604,0.093627
Type_2/444.jpg,0.093959,0.685271,0.220770
Type_2/994.jpg,0.264381,0.637184,0.098435
Type_2/1411.jpg,0.517857,0.431331,0.050813
Type_2/490.jpg,0.112905,0.411300,0.475795
Type_2/1068.jpg,0.066335,0.475132,0.458533
Type_2/456.jpg,0.524817,0.470310,0.004873
Type_2/319.jpg,0.130869,0.766404,0.102727
Type_2/967.jpg,0.059781,0.889260,0.050959
Type_2/754.jpg,0.131823,0.722981,0.145195
Type_2/1476.jpg,0.092746,0.688011,0.219243
Type_2/68.jpg,0.064425,0.808455,0.127120
Type_2/789.jpg,0.061010,0.610745,0.328246
Type_2/103.jpg,0.077629,0.622078,0.300293
Type_2/184.jpg,0.289808,0.691722,0.018470
Type_2/382.jpg,0.133393,0.632532,0.234075
Type_2/279.jpg,0.077282,0.664929,0.257789
Type_2/528.jpg,0.069815,0.679411,0.250774
Type_2/973.jpg,0.095623,0.828089,0.076289
Type_2/933.jpg,0.022995,0.245021,0.731984
Type_2/305.jpg,0.198117,0.580497,0.221386
Type_2/1260.jpg,0.042215,0.770281,0.187504
Type_2/946.jpg,0.040724,0.472489,0.486787
Type_2/1152.jpg,0.078194,0.408105,0.513701
Type_2/882.jpg,0.182179,0.514957,0.302864
Type_2/1225.jpg,0.292680,0.671701,0.035619
Type_2/462.jpg,0.106681,0.719277,0.174042
Type_2/1228.jpg,0.051861,0.763361,0.184777
Type_2/213.jpg,0.099570,0.860258,0.040172
Type_2/743.jpg,0.216406,0.744400,0.039194
Type_2/428.jpg,0.072611,0.872575,0.054814
Type_2/533.jpg,0.073589,0.633276,0.293136
Type_2/1303.jpg,0.029749,0.608290,0.361961
Type_2/1362.jpg,0.080668,0.486511,0.432821
Type_2/227.jpg,0.443676,0.514970,0.041354
Type_2/186.jpg,0.275137,0.693965,0.030899
Type_2/1158.jpg,0.107549,0.616195,0.276256
Type_2/591.jpg,0.251816,0.659482,0.088703
Type_2/841.jpg,0.089016,0.518264,0.392721
Type_2/859.jpg,0.056556,0.512229,0.431215
Type_2/1295.jpg,0.034958,0.325730,0.639312
Type_2/1432.jpg,0.109128,0.610691,0.280182
Type_2/429.jpg,0.149736,0.787060,0.063204
Type_2/137.jpg,0.124574,0.726417,0.149009
Type_2/568.jpg,0.065136,0.580858,0.354006
Type_2/371.jpg,0.040763,0.421767,0.537469
Type_2/411.jpg,0.332184,0.510606,0.157209
Type_2/1310.jpg,0.233978,0.739261,0.026761
Type_2/1126.jpg,0.141206,0.409814,0.448981
Type_2/1043.jpg,0.174366,0.670321,0.155312
Type_2/288.jpg,0.023876,0.195562,0.780563
Type_2/719.jpg,0.151170,0.734840,0.113990
Type_2/266.jpg,0.012157,0.389875,0.597967
Type_2/557.jpg,0.012538,0.426612,0.560850
Type_2/686.jpg,0.138052,0.500410,0.361537
Type_2/488.jpg,0.170944,0.657401,0.171656
Type_2/522.jpg,0.096657,0.806705,0.096638
Type_2/537.jpg,0.178881,0.711372,0.109747
Type_2/1449.jpg,0.307681,0.606334,0.085985
Type_2/760.jpg,0.067462,0.753396,0.179142
Type_2/1047.jpg,0.241192,0.616938,0.141870
Type_2/486.jpg,0.059855,0.341620,0.598525
Type_2/698.jpg,0.374645,0.610078,0.015277
Type_2/771.jpg,0.315443,0.655213,0.029345
Type_2/15.jpg,0.233574,0.744919,0.021507
Type_2/785.jpg,0.068774,0.728766,0.202460
Type_2/240.jpg,0.301386,0.609677,0.088937
Type_2/691.jpg,0.105372,0.821491,0.073137
Type_2/1399.jpg,0.213024,0.736360,0.050615
Type_2/1172.jpg,0.053361,0.779004,0.167635
Type_2/561.jpg,0.177989,0.638904,0.183106
Type_2/614.jpg,0.136100,0.717302,0.146598
Type_2/476.jpg,0.099522,0.798909,0.101569
Type_2/714.jpg,0.134793,0.716130,0.149076
Type_2/168.jpg,0.398779,0.555234,0.045986
Type_2/1135.jpg,0.096175,0.714364,0.189461
Type_2/472.jpg,0.105201,0.595073,0.299726
Type_2/243.jpg,0.053807,0.448618,0.497575
Type_2/577.jpg,0.267273,0.694777,0.037949
Type_2/804.jpg,0.087984,0.424752,0.487264
Type_2/1439.jpg,0.226782,0.750588,0.022629
Type_2/423.jpg,0.299159,0.523183,0.177658
Type_2/274.jpg,0.183459,0.627953,0.188588
Type_2/46.jpg,0.322642,0.523714,0.153643
Type_2/1369.jpg,0.131091,0.761454,0.107455
Type_2/219.jpg,0.247437,0.724453,0.028110
Type_2/1262.jpg,0.059054,0.705519,0.235427
Type_2/1146.jpg,0.171524,0.678109,0.150367
Type_2/223.jpg,0.290517,0.644570,0.064913
Type_2/786.jpg,0.134236,0.570373,0.295391
Type_2/717.jpg,0.388961,0.522669,0.088370
Type_2/541.jpg,0.096034,0.483954,0.420013
Type_2/1358.jpg,0.057490,0.699957,0.242553
Type_2/1116.jpg,0.098418,0.788119,0.113463
Type_2/678.jpg,0.081156,0.723049,0.195795
Type_2/149.jpg,0.064170,0.688442,0.247389
Type_2/647.jpg,0.038239,0.784905,0.176857
Type_2/442.jpg,0.300812,0.555893,0.143295
Type_2/868.jpg,0.037228,0.339727,0.623045
Type_2/1452.jpg,0.203787,0.743557,0.052657
Type_2/147.jpg,0.116446,0.705978,0.177576
Type_2/152.jpg,0.042171,0.298387,0.659442
Type_2/246.jpg,0.299782,0.624225,0.075992
Type_2/1186.jpg,0.053434,0.643293,0.303273
Type_2/51.jpg,0.195736,0.749319,0.054945
Type_2/1348.jpg,0.207028,0.532290,0.260682
Type_2/505.jpg,0.231096,0.739395,0.029510
Type_2/1337.jpg,0.060541,0.816033,0.123426
Type_2/552.jpg,0.191151,0.712626,0.096223
Type_2/622.jpg,0.287512,0.668637,0.043852
Type_2/407.jpg,0.131542,0.837669,0.030790
Type_2/827.jpg,0.338809,0.583749,0.077442
Type_2/1315.jpg,0.406678,0.528433,0.064889
Type_2/189.jpg,0.307797,0.630011,0.062192
Type_2/76.jpg,0.298475,0.572008,0.129517
Type_2/101.jpg,0.102346,0.749689,0.147966
Type_2/175.jpg,0.035081,0.246804,0.718115
Type_2/1025.jpg,0.249231,0.726564,0.024205
Type_2/618.jpg,0.173004,0.706099,0.120897
Type_2/64.jpg,0.134940,0.771255,0.093805
Type_2/981.jpg,0.248303,0.724230,0.027467
Type_2/1099.jpg,0.607947,0.388301,0.003752
Type_2/440.jpg,0.312820,0.658276,0.028905
Type_2/340.jpg,0.043685,0.304224,0.652090
Type_2/1005.jpg,0.446959,0.521761,0.031279
Type_2/92.jpg,0.257733,0.722484,0.019783
Type_2/1359.jpg,0.183899,0.658435,0.157667
Type_2/42.jpg,0.106930,0.523892,0.369178
Type_2/40.jpg,0.026966,0.683767,0.289267
Type_2/990.jpg,0.127094,0.689184,0.183722
Type_2/185.jpg,0.047066,0.364376,0.588558
Type_2/190.jpg,0.052455,0.397330,0.550215
Type_2/99.jpg,0.094869,0.605497,0.299634
Type_2/173.jpg,0.335643,0.614443,0.049914
Type_2/1445.jpg,0.140818,0.776388,0.082794
Type_2/1385.jpg,0.050785,0.688344,0.260871
Type_2/1038.jpg,0.198169,0.653626,0.148205
Type_2/351.jpg,0.180314,0.663621,0.156065
Type_2/1185.jpg,0.055564,0.692217,0.252219
Type_2/1349.jpg,0.112495,0.645923,0.241582
Type_2/1298.jpg,0.358494,0.605977,0.035530
Type_2/798.jpg,0.049336,0.492372,0.458292
Type_2/496.jpg,0.086201,0.751230,0.162569
Type_2/1357.jpg,0.123361,0.838144,0.038495
Type_2/1327.jpg,0.010272,0.549290,0.440438
Type_2/364.jpg,0.216186,0.701155,0.082659
Type_2/1170.jpg,0.051668,0.780449,0.167883
Type_2/974.jpg,0.102422,0.798853,0.098726
Type_2/1415.jpg,0.019102,0.591992,0.388907
Type_2/284.jpg,0.090006,0.781345,0.128649
Type_2/515.jpg,0.030076,0.203986,0.765938
Type_2/1201.jpg,0.051643,0.346246,0.602111
Type_2/394.jpg,0.078184,0.723936,0.197880
Type_2/1391.jpg,0.204607,0.494069,0.301324
Type_2/1419.jpg,0.035162,0.591409,0.373429
Type_2/1075.jpg,0.178136,0.579125,0.242740
Type_2/1242.jpg,0.208693,0.726438,0.064869
Type_2/195.jpg,0.010128,0.360611,0.629261
Type_2/1328.jpg,0.304194,0.658687,0.037120
Type_2/1011.jpg,0.102597,0.834081,0.063322
Type_2/330.jpg,0.034907,0.498049,0.467044
Type_2/39.jpg,0.262625,0.710192,0.027183
Type_2/1022.jpg,0.198960,0.721661,0.079378
Type_2/1363.jpg,0.288306,0.673082,0.038611
Type_2/1227.jpg,0.152836,0.819854,0.027310
Type_2/1214.jpg,0.452528,0.538046,0.009426
Type_2/445.jpg,0.133977,0.821053,0.044970
Type_2/815.jpg,0.042866,0.505437,0.451697
Type_2/413.jpg,0.022195,0.281499,0.696306
Type_2/545.jpg,0.063532,0.783845,0.152623
Type_2/367.jpg,0.010286,0.264713,0.725000
Type_2/128.jpg,0.042119,0.259452,0.698429
Type_2/264.jpg,0.084941,0.848578,0.066481
Type_2/385.jpg,0.122129,0.406806,0.471065
Type_2/1035.jpg,0.148177,0.740383,0.111440
Type_2/79.jpg,0.107080,0.643734,0.249186
Type_2/640.jpg,0.031781,0.682999,0.285221
Type_2/408.jpg,0.129003,0.830133,0.040865
Type_2/1051.jpg,0.050759,0.693514,0.255727
Type_2/499.jpg,0.037105,0.612442,0.350453
Type_2/1462.jpg,0.313084,0.667706,0.019210
Type_2/1106.jpg,0.219508,0.758404,0.022088
Type_2/915.jpg,0.043854,0.594027,0.362119
Type_2/1049.jpg,0.058220,0.515792,0.425988
Type_2/1173.jpg,0.080684,0.334477,0.584839
Type_2/345.jpg,0.049472,0.605495,0.345033
Type_2/955.jpg,0.126186,0.801816,0.071998
Type_2/1176.jpg,0.122728,0.801606,0.075666
Type_2/1211.jpg,0.087727,0.631367,0.280907
Type_2/368.jpg,0.160538,0.790327,0.049134
Type_2/592.jpg,0.063446,0.616944,0.319610
Type_2/526.jpg,0.355537,0.539998,0.104465
Type_2/449.jpg,0.038473,0.649694,0.311833
Type_2/1021.jpg,0.541029,0.446869,0.012102
Type_2/204.jpg,0.104987,0.638272,0.256741
Type_2/913.jpg,0.047964,0.680924,0.271112
Type_2/1258.jpg,0.039356,0.358958,0.601685
Type_2/888.jpg,0.419025,0.491095,0.089880
Type_2/1195.jpg,0.104065,0.737533,0.158402
Type_2/420.jpg,0.162090,0.793379,0.044531
Type_2/1155.jpg,0.056380,0.308191,0.635429
Type_2/156.jpg,0.149633,0.815457,0.034910
Type_2/999.jpg,0.163435,0.774610,0.061955
Type_2/1413.jpg,0.084577,0.846607,0.068816
Type_2/574.jpg,0.052233,0.611539,0.336228
Type_2/856.jpg,0.041255,0.352150,0.606595
Type_2/86.jpg,0.243869,0.655147,0.100984
Type_2/1238.jpg,0.050755,0.480497,0.468748
Type_2/1085.jpg,0.237629,0.712235,0.050136
Type_2/607.jpg,0.093398,0.647658,0.258943
Type_2/1072.jpg,0.119198,0.530331,0.350471
Type_2/1044.jpg,0.128203,0.491754,0.380043
Type_2/959.jpg,0.064134,0.789851,0.146015
Type_2/1450.jpg,0.384221,0.589244,0.026535
Type_2/1222.jpg,0.071001,0.745555,0.183445
Type_2/958.jpg,0.188895,0.751461,0.059644
Type_2/485.jpg,0.170998,0.611425,0.217577
Type_2/1181.jpg,0.129677,0.824089,0.046234
Type_2/790.jpg,0.065890,0.747341,0.186769
Type_2/1058.jpg,0.051489,0.417495,0.531017
Type_2/198.jpg,0.099922,0.853228,0.046850
Type_2/597.jpg,0.353451,0.608226,0.038322
Type_2/451.jpg,0.062046,0.686218,0.251737
Type_2/1329.jpg,0.033643,0.450742,0.515616
Type_2/44.jpg,0.098726,0.803698,0.097576
Type_2/1454.jpg,0.028865,0.217849,0.753286
Type_2/66.jpg,0.151789,0.823484,0.024727
Type_2/696.jpg,0.284703,0.677558,0.037739
Type_2/707.jpg,0.039105,0.596656,0.364239
Type_2/1160.jpg,0.050066,0.408164,0.541770
Type_2/1378.jpg,0.094540,0.461878,0.443582
Type_2/874.jpg,0.254993,0.722709,0.022298
Type_2/1451.jpg,0.056016,0.470328,0.473657
Type_2/1002.jpg,0.048745,0.363192,0.588063
Type_2/1078.jpg,0.041666,0.716598,0.241736
Type_2/1465.jpg,0.139125,0.746391,0.114483
Type_2/1032.jpg,0.046021,0.327187,0.626791
Type_2/45.jpg,0.150490,0.775134,0.074376
Type_2/832.jpg,0.067616,0.672009,0.260374
Type_2/1463.jpg,0.148787,0.787112,0.064102
Type_2/922.jpg,0.133195,0.734862,0.131943
Type_2/1141.jpg,0.083573,0.680151,0.236275
Type_2/1142.jpg,0.279040,0.647219,0.073741
Type_2/78.jpg,0.141873,0.791550,0.066577
Type_2/926.jpg,0.207247,0.566081,0.226673
Type_2/1305.jpg,0.426845,0.532617,0.040538
Type_2/360.jpg,0.030874,0.389436,0.579690
Type_2/448.jpg,0.097855,0.834641,0.067504
Type_2/1330.jpg,0.035560,0.557692,0.406747
Type_2/658.jpg,0.108941,0.695746,0.195313
Type_2/566.jpg,0.029219,0.545559,0.425222
Type_2/9.jpg,0.349624,0.556640,0.093736
Type_2/772.jpg,0.064772,0.502726,0.432502
Type_2/461.jpg,0.112253,0.678467,0.209280
Type_2/1091.jpg,0.077073,0.644078,0.278849
Type_2/502.jpg,0.018598,0.427822,0.553580
Type_2/134.jpg,0.073280,0.671148,0.255572
Type_2/1380.jpg,0.209227,0.673763,0.117010
Type_2/1210.jpg,0.067136,0.875433,0.057432
Type_2/1090.jpg,0.185859,0.617614,0.196527
Type_2/633.jpg,0.082016,0.690194,0.227790
Type_2/987.jpg,0.320819,0.573253,0.105928
Type_2/656.jpg,0.133446,0.628089,0.238464
Type_2/1083.jpg,0.110617,0.768762,0.120621
Type_2/871.jpg,0.047721,0.325586,0.626693
Type_2/93.jpg,0.223412,0.676416,0.100172
Type_2/100.jpg,0.030087,0.289978,0.679935
Type_2/1234.jpg,0.106683,0.851873,0.041444
Type_2/127.jpg,0.123897,0.641783,0.234320
Type_2/588.jpg,0.022720,0.242644,0.734636
Type_2/1087.jpg,0.165812,0.577755,0.256433
Type_2/1381.jpg,0.273351,0.560737,0.165911
Type_2/570.jpg,0.033104,0.190193,0.776703
Type_2/956.jpg,0.296497,0.664525,0.038978
Type_2/388.jpg,0.068497,0.337148,0.594355
Type_2/21.jpg,0.028316,0.457547,0.514137
Type_2/797.jpg,0.074095,0.751692,0.174213
Type_2/1209.jpg,0.325346,0.655941,0.018713
Type_2/412.jpg,0.518200,0.461952,0.019848
Type_2/1115.jpg,0.132504,0.829592,0.037903
Type_2/438.jpg,0.044645,0.588372,0.366982
Type_2/1311.jpg,0.443839,0.527306,0.028855
Type_2/210.jpg,0.053446,0.804488,0.142066
Type_2/1474.jpg,0.099506,0.787226,0.113268
Type_2/681.jpg,0.506997,0.467056,0.025947
Type_2/452.jpg,0.253374,0.708865,0.037761
Type_2/437.jpg,0.081828,0.788917,0.129255
Type_2/829.jpg,0.127316,0.847225,0.025459
Type_2/268.jpg,0.115708,0.816924,0.067369
Type_2/939.jpg,0.092909,0.823637,0.083454
Type_2/1065.jpg,0.149392,0.752575,0.098033
Type_2/1267.jpg,0.056239,0.755108,0.188653
Type_2/80.jpg,0.029482,0.337471,0.633047
Type_2/795.jpg,0.168787,0.598638,0.232575
Type_2/1067.jpg,0.197893,0.482605,0.319502
Type_2/341.jpg,0.087630,0.746748,0.165622
Type_2/1189.jpg,0.155412,0.756471,0.088117
Type_2/1416.jpg,0.167432,0.750373,0.082195
Type_2/705.jpg,0.208822,0.755304,0.035874
Type_2/1421.jpg,0.356117,0.512774,0.131109
Type_2/1356.jpg,0.087949,0.736404,0.175647
Type_2/255.jpg,0.142025,0.764173,0.093802
Type_2/244.jpg,0.080027,0.619433,0.300540
Type_2/676.jpg,0.213645,0.761426,0.024929
Type_2/278.jpg,0.097697,0.660472,0.241831
Type_2/1114.jpg,0.246749,0.643287,0.109964
Type_2/301.jpg,0.154445,0.587116,0.258439
Type_2/648.jpg,0.093897,0.493916,0.412187
Type_2/1407.jpg,0.266660,0.462019,0.271320
Type_2/911.jpg,0.033976,0.431745,0.534278
Type_2/282.jpg,0.177671,0.770848,0.051481
Type_2/978.jpg,0.037700,0.582832,0.379469
Type_2/896.jpg,0.467736,0.500139,0.032126
Type_2/28.jpg,0.275239,0.644269,0.080493
Type_2/884.jpg,0.019830,0.336569,0.643601
Type_2/843.jpg,0.522628,0.444760,0.032612
Type_2/1472.jpg,0.061032,0.352907,0.586060
Type_2/1073.jpg,0.148432,0.797051,0.054516
Type_2/603.jpg,0.354323,0.606663,0.039013
Type_2/251.jpg,0.086231,0.662345,0.251423
Type_2/1017.jpg,0.056216,0.751496,0.192288
Type_2/929.jpg,0.443926,0.490074,0.066000
Type_2/123.jpg,0.234879,0.737656,0.027465
Type_2/161.jpg,0.091786,0.626051,0.282163
Type_2/419.jpg,0.074582,0.566479,0.358939
Type_2/313.jpg,0.193514,0.732069,0.074416
Type_2/1261.jpg,0.246152,0.724393,0.029456
Type_2/1269.jpg,0.442539,0.535660,0.021801
Type_2/464.jpg,0.085523,0.822257,0.092220
Type_2/830.jpg,0.078775,0.745818,0.175407
Type_2/271.jpg,0.083291,0.477154,0.439554
Type_2/8.jpg,0.105661,0.786918,0.107421
Type_2/932.jpg,0.057761,0.553556,0.388683
Type_2/457.jpg,0.157384,0.754057,0.088559
Type_2/1299.jpg,0.465168,0.488123,0.046709
Type_2/680.jpg,0.407841,0.560921,0.031238
Type_2/548.jpg,0.463215,0.499189,0.037596
Type_2/95.jpg,0.172584,0.579600,0.247816
Type_2/432.jpg,0.222989,0.762193,0.014818
Type_2/1089.jpg,0.139603,0.427077,0.433321
Type_2/238.jpg,0.036783,0.459243,0.503973
Type_2/1444.jpg,0.032185,0.419837,0.547978
Type_2/85.jpg,0.313979,0.516367,0.169654
Type_2/164.jpg,0.018062,0.438646,0.543292
Type_2/652.jpg,0.132992,0.804757,0.062251
Type_2/1006.jpg,0.457178,0.515581,0.027241
Type_2/110.jpg,0.057442,0.353140,0.589418
Type_2/1196.jpg,0.059311,0.283820,0.656869
Type_2/609.jpg,0.382032,0.536191,0.081776
Type_2/865.jpg,0.038756,0.297334,0.663910
Type_2/1297.jpg,0.530665,0.451108,0.018227
Type_2/666.jpg,0.090624,0.691959,0.217417
Type_2/372.jpg,0.130435,0.802368,0.067197
Type_2/1240.jpg,0.348706,0.601478,0.049816
Type_2/365.jpg,0.253539,0.691708,0.054753
Type_2/581.jpg,0.048562,0.656659,0.294780
Type_2/1180.jpg,0.131350,0.791991,0.076658
Type_2/395.jpg,0.016562,0.188595,0.794843
Type_2/250.jpg,0.140145,0.782071,0.077784
Type_2/1246.jpg,0.034188,0.566929,0.398883
Type_2/1212.jpg,0.036643,0.254899,0.708458
Type_2/1046.jpg,0.236899,0.588805,0.174296
Type_2/1398.jpg,0.351573,0.589271,0.059156
Type_2/56.jpg,0.029438,0.523771,0.446791
Type_2/749.jpg,0.252744,0.710074,0.037181
Type_2/507.jpg,0.178709,0.769713,0.051578
Type_2/1253.jpg,0.191518,0.673452,0.135030
Type_2/1406.jpg,0.060428,0.839510,0.100062
Type_2/1124.jpg,0.463020,0.485482,0.051498
Type_2/225.jpg,0.235302,0.730033,0.034664
Type_2/639.jpg,0.108392,0.511293,0.380314
Type_2/24.jpg,0.133939,0.685654,0.180407
Type_2/1001.jpg,0.092611,0.436719,0.470670
Type_2/377.jpg,0.076243,0.762154,0.161603
Type_2/807.jpg,0.251992,0.567042,0.180966
Type_2/1433.jpg,0.292160,0.671464,0.036376
Type_2/302.jpg,0.097742,0.734318,0.167941
Type_2/903.jpg,0.174714,0.763030,0.062257
Type_2/404.jpg,0.166441,0.566775,0.266785
Type_2/1138.jpg,0.283797,0.548720,0.167484
Type_2/613.jpg,0.053739,0.884911,0.061350
Type_2/1255.jpg,0.076644,0.809216,0.114140
Type_2/722.jpg,0.017623,0.523603,0.458774
Type_2/1205.jpg,0.092132,0.755882,0.151986
Type_2/1292.jpg,0.102718,0.676402,0.220880
Type_2/1198.jpg,0.084198,0.731077,0.184725
Type_2/234.jpg,0.112692,0.827718,0.059590
Type_2/948.jpg,0.286892,0.688034,0.025074
Type_2/455.jpg,0.107456,0.834537,0.058008
Type_2/317.jpg,0.083964,0.821068,0.094968
Type_2/483.jpg,0.076404,0.790201,0.133395
Type_2/203.jpg,0.097921,0.559854,0.342225
Type_2/473.jpg,0.232330,0.729037,0.038633
Type_2/1193.jpg,0.029560,0.318114,0.652326
Type_2/119.jpg,0.145069,0.806507,0.048423
Type_2/162.jpg,0.268268,0.616013,0.115719
Type_2/22.jpg,0.161795,0.760670,0.077535
Type_2/657.jpg,0.015871,0.158900,0.825229
Type_2/1143.jpg,0.098354,0.535100,0.366546
Type_2/354.jpg,0.071880,0.826886,0.101234
Type_2/687.jpg,0.037137,0.258665,0.704198
Type_2/1054.jpg,0.035144,0.474821,0.490035
Type_2/1184.jpg,0.159018,0.481885,0.359097
Type_2/1216.jpg,0.129497,0.820628,0.049875
Type_2/1338.jpg,0.250028,0.712924,0.037048
Type_2/534.jpg,0.261755,0.627487,0.110758
Type_2/1217.jpg,0.099405,0.694138,0.206457
Type_2/1436.jpg,0.444326,0.521918,0.033757
Type_2/115.jpg,0.166605,0.406598,0.426798
Type_2/1247.jpg,0.054683,0.471268,0.474050
Type_2/1057.jpg,0.091274,0.874589,0.034137
Type_2/112.jpg,0.133683,0.718647,0.147669
Type_2/36.jpg,0.037750,0.436893,0.525357
Type_2/52.jpg,0.041070,0.635888,0.323042
Type_2/120.jpg,0.032597,0.179619,0.787785
Type_2/969.jpg,0.033400,0.191389,0.775211
Type_2/233.jpg,0.355285,0.610873,0.033842
Type_2/316.jpg,0.241375,0.741618,0.017007
Type_2/1171.jpg,0.103845,0.828742,0.067413
Type_2/1334.jpg,0.379345,0.560247,0.060407
Type_2/343.jpg,0.079220,0.649811,0.270969
Type_2/621.jpg,0.035719,0.693563,0.270719
Type_2/501.jpg,0.029890,0.636345,0.333765
Type_2/816.jpg,0.265102,0.692573,0.042325
Type_2/67.jpg,0.018688,0.444162,0.537150
Type_2/665.jpg,0.040286,0.741099,0.218615
Type_2/851.jpg,0.029426,0.581242,0.389333
Type_2/844.jpg,0.204066,0.729756,0.066178
Type_2/894.jpg,0.187410,0.744057,0.068533
Type_2/133.jpg,0.048218,0.406125,0.545658
Type_2/1197.jpg,0.329000,0.608313,0.062687
Type_2/793.jpg,0.165717,0.807538,0.026745
Type_2/521.jpg,0.085052,0.797259,0.117689
Type_2/813.jpg,0.051987,0.286171,0.661842
Type_2/6.jpg,0.283465,0.614369,0.102166
Type_2/716.jpg,0.044264,0.319988,0.635748
Type_2/517.jpg,0.102379,0.822474,0.075147
Type_2/17.jpg,0.265284,0.677971,0.056745
Type_2/348.jpg,0.099776,0.602508,0.297715
Type_2/611.jpg,0.287168,0.504704,0.208128
Type_2/937.jpg,0.224608,0.668151,0.107240
Type_2/54.jpg,0.097571,0.720288,0.182141
Type_2/508.jpg,0.327187,0.526789,0.146024
Type_2/671.jpg,0.062985,0.620686,0.316330
Type_2/509.jpg,0.257188,0.651004,0.091808
Type_2/979.jpg,0.172960,0.570808,0.256233
Type_2/1371.jpg,0.233094,0.741268,0.025638
Type_2/276.jpg,0.216637,0.711311,0.072052
Type_2/963.jpg,0.168385,0.768541,0.063075
Type_2/602.jpg,0.030258,0.335254,0.634488
Type_2/1175.jpg,0.125688,0.713991,0.160321
Type_2/1271.jpg,0.182910,0.713830,0.103260
Type_2/504.jpg,0.034296,0.699791,0.265913
Type_2/482.jpg,0.043352,0.688778,0.267871
Type_2/1203.jpg,0.127120,0.650333,0.222547
Type_2/1343.jpg,0.214740,0.743100,0.042160
Type_2/612.jpg,0.065041,0.426986,0.507973
Type_2/1178.jpg,0.098619,0.849277,0.052104
Type_2/586.jpg,0.036519,0.372150,0.591331
Type_2/378.jpg,0.440837,0.487705,0.071458
Type_2/1257.jpg,0.085319,0.748716,0.165965
Type_2/1012.jpg,0.089524,0.799334,0.111142
Type_2/1130.jpg,0.045128,0.563327,0.391545
Type_2/547.jpg,0.051253,0.241341,0.707406
Type_2/337.jpg,0.125334,0.640376,0.234290
Type_2/1301.jpg,0.100592,0.804213,0.095195
Type_2/1418.jpg,0.352381,0.548539,0.099080
Type_2/359.jpg,0.281307,0.635657,0.083036
Type_2/529.jpg,0.226997,0.612594,0.160408
Type_2/936.jpg,0.028466,0.174261,0.797273
Type_2/1236.jpg,0.031597,0.744944,0.223458
Type_2/854.jpg,0.320102,0.628389,0.051509
Type_2/1319.jpg,0.056702,0.772147,0.171151
Type_2/608.jpg,0.210314,0.691394,0.098292
Type_2/834.jpg,0.548048,0.445915,0.006037
Type_2/126.jpg,0.120783,0.825108,0.054110
Type_2/659.jpg,0.232645,0.714702,0.052653
Type_2/940.jpg,0.043691,0.523783,0.432525
Type_2/397.jpg,0.088124,0.732046,0.179830
Type_2/121.jpg,0.308293,0.666712,0.024995
Type_2/540.jpg,0.033055,0.762156,0.204789
Type_2/1353.jpg,0.109108,0.828264,0.062628
Type_2/369.jpg,0.295376,0.660761,0.043863
Type_2/1312.jpg,0.005857,0.122643,0.871500
Type_2/831.jpg,0.024387,0.394140,0.581473
Type_2/1039.jpg,0.328312,0.530191,0.141497
Type_2/615.jpg,0.048193,0.260925,0.690882
Type_2/1438.jpg,0.113255,0.820355,0.066390
Type_2/985.jpg,0.122812,0.752823,0.124365
Type_2/1471.jpg,0.360591,0.559379,0.080030
Type_2/1103.jpg,0.114542,0.818495,0.066963
Type_2/122.jpg,0.077199,0.759773,0.163028
Type_2/1322.jpg,0.305069,0.660151,0.034780
Type_2/861.jpg,0.402157,0.567548,0.030295
Type_2/136.jpg,0.063266,0.327722,0.609012
Type_2/406.jpg,0.079673,0.468598,0.451730
Type_2/632.jpg,0.087647,0.695302,0.217051
Type_2/153.jpg,0.087252,0.830594,0.082154
Type_2/60.jpg,0.075659,0.798051,0.126290
Type_2/453.jpg,0.140594,0.817365,0.042041
Type_2/559.jpg,0.303998,0.605585,0.090416
Type_2/393.jpg,0.231133,0.575396,0.193470
Type_2/1441.jpg,0.078994,0.672162,0.248844
Type_2/74.jpg,0.499412,0.463408,0.037180
Type_2/29.jpg,0.054822,0.497576,0.447602
Type_2/358.jpg,0.055036,0.736231,0.208733
Type_2/886.jpg,0.060700,0.538738,0.400562
Type_2/610.jpg,0.311360,0.658718,0.029922
Type_2/1453.jpg,0.059322,0.705382,0.235296
Type_2/1243.jpg,0.274247,0.637529,0.088224
Type_2/563.jpg,0.131315,0.828713,0.039972
Type_2/77.jpg,0.170785,0.767722,0.061493
Type_2/32.jpg,0.308720,0.603486,0.087794
Type_2/651.jpg,0.165769,0.733254,0.100977
Type_2/381.jpg,0.386838,0.598302,0.014860
Type_2/826.jpg,0.047533,0.605444,0.347023
Type_2/1055.jpg,0.201574,0.760419,0.038007
Type_2/414.jpg,0.130900,0.664609,0.204491
Type_2/1345.jpg,0.051388,0.642025,0.306587
Type_2/544.jpg,0.058692,0.582629,0.358679
Type_2/964.jpg,0.153261,0.813903,0.032836
Type_2/326.jpg,0.048032,0.312222,0.639746
Type_2/704.jpg,0.383304,0.538702,0.077993
Type_2/703.jpg,0.021423,0.211467,0.767110
Type_2/91.jpg,0.105896,0.680283,0.213822
Type_2/206.jpg,0.249699,0.681429,0.068872
Type_2/701.jpg,0.193002,0.718069,0.088929
Type_2/293.jpg,0.382039,0.517888,0.100074
Type_2/1192.jpg,0.008458,0.313651,0.677891
