image_name,Type_1,Type_2,Type_3
13367.jpg,0.284451,0.612604,0.102945
13318.jpg,0.158932,0.736364,0.104704
12233.jpg,0.455113,0.472934,0.071953
11701.jpg,0.179755,0.617291,0.202955
12228.jpg,0.070536,0.459204,0.470259
12872.jpg,0.297204,0.545813,0.156983
10289.jpg,0.059136,0.26794,0.672924
11207.jpg,0.503456,0.461758,0.034786
11883.jpg,0.133983,0.734404,0.131612
13249.jpg,0.459508,0.469181,0.071311
13203.jpg,0.051405,0.250868,0.697727
12574.jpg,0.05991,0.466451,0.473639
10995.jpg,0.20308,0.751244,0.045677
12974.jpg,0.138927,0.696844,0.164229
13434.jpg,0.055926,0.242336,0.701738
13392.jpg,0.093335,0.67307,0.233596
11825.jpg,0.27889,0.535268,0.185842
13348.jpg,0.342156,0.562039,0.095806
12253.jpg,0.105763,0.28009,0.614148
12891.jpg,0.047753,0.335396,0.616851
13046.jpg,0.402438,0.550627,0.046935
11290.jpg,0.06791,0.30961,0.62248
11159.jpg,0.100951,0.344782,0.554267
10384.jpg,0.654832,0.306114,0.039055
10452.jpg,0.320592,0.563259,0.11615
12687.jpg,0.22116,0.641469,0.137371
11932.jpg,0.34032,0.56682,0.092861
10886.jpg,0.058648,0.297335,0.644017
12796.jpg,0.053809,0.28848,0.657711
10413.jpg,0.13406,0.65894,0.206999
10810.jpg,0.371176,0.519845,0.108979
11753.jpg,0.210825,0.542169,0.247005
13341.jpg,0.11356,0.463151,0.423289
11028.jpg,0.103705,0.738766,0.157529
13059.jpg,0.044687,0.236383,0.71893
10392.jpg,0.097452,0.386456,0.516091
11084.jpg,0.050206,0.346411,0.603383
13471.jpg,0.136806,0.782254,0.08094
10029.jpg,0.379025,0.549641,0.071334
13003.jpg,0.301074,0.656859,0.042067
10060.jpg,0.384169,0.590787,0.025044
13474.jpg,0.178017,0.741613,0.080369
11915.jpg,0.222879,0.59655,0.180571
12256.jpg,0.22496,0.578081,0.196959
11857.jpg,0.367074,0.542727,0.0902
11410.jpg,0.152073,0.62134,0.226588
11118.jpg,0.341108,0.561185,0.097707
10200.jpg,0.100674,0.602524,0.296802
12446.jpg,0.501065,0.486464,0.012471
11470.jpg,0.060495,0.450212,0.489293
12746.jpg,0.507769,0.393544,0.098687
13335.jpg,0.5642,0.397021,0.038779
10054.jpg,0.046255,0.659328,0.294417
12018.jpg,0.047016,0.416322,0.536662
13305.jpg,0.233243,0.553456,0.213301
11160.jpg,0.190942,0.620062,0.188996
11210.jpg,0.595293,0.397123,0.007584
11981.jpg,0.245505,0.614296,0.1402
13130.jpg,0.082641,0.517659,0.399699
10873.jpg,0.276371,0.612685,0.110944
13049.jpg,0.128622,0.789129,0.08225
13101.jpg,0.049978,0.750454,0.199568
13065.jpg,0.112132,0.345332,0.542537
10846.jpg,0.15386,0.588106,0.258033
10015.jpg,0.064156,0.400293,0.535551
10009.jpg,0.124269,0.621722,0.254009
11518.jpg,0.216705,0.745424,0.037871
12285.jpg,0.044175,0.345258,0.610568
12564.jpg,0.308988,0.602913,0.088099
12910.jpg,0.146319,0.803589,0.050092
10405.jpg,0.454182,0.530026,0.015791
11949.jpg,0.048651,0.366558,0.584791
10411.jpg,0.088841,0.762972,0.148187
10396.jpg,0.586339,0.393729,0.019932
10533.jpg,0.036598,0.179925,0.783477
10044.jpg,0.391195,0.419287,0.189518
12300.jpg,0.415404,0.479439,0.105157
11928.jpg,0.730559,0.256688,0.012754
11048.jpg,0.729281,0.249094,0.021625
10387.jpg,0.079594,0.764967,0.155439
11142.jpg,0.619896,0.347513,0.032591
13292.jpg,0.430943,0.510599,0.058458
12928.jpg,0.480026,0.480815,0.039159
11485.jpg,0.039993,0.201365,0.758642
13374.jpg,0.155145,0.747655,0.0972
12781.jpg,0.189597,0.714539,0.095865
10641.jpg,0.207141,0.532461,0.260399
10959.jpg,0.431219,0.539517,0.029265
11335.jpg,0.341507,0.560553,0.097939
13031.jpg,0.237459,0.72438,0.038161
11944.jpg,0.060853,0.487329,0.451817
10385.jpg,0.795548,0.197297,0.007154
11332.jpg,0.037268,0.270591,0.692141
10351.jpg,0.084687,0.541862,0.373452
11208.jpg,0.034768,0.660925,0.304306
10080.jpg,0.212259,0.48933,0.298411
12994.jpg,0.057241,0.571257,0.371502
10482.jpg,0.047404,0.225831,0.726766
10214.jpg,0.09364,0.78381,0.12255
10462.jpg,0.06485,0.321322,0.613828
13165.jpg,0.494685,0.441048,0.064267
11399.jpg,0.059167,0.173856,0.766978
12212.jpg,0.095268,0.436564,0.468168
12118.jpg,0.156665,0.547289,0.296046
13193.jpg,0.043189,0.235085,0.721726
10848.jpg,0.048042,0.230022,0.721936
12980.jpg,0.307463,0.611485,0.081051
12427.jpg,0.145813,0.56953,0.284657
12325.jpg,0.08147,0.394753,0.523778
10551.jpg,0.129185,0.598299,0.272516
10671.jpg,0.173683,0.578925,0.247392
10391.jpg,0.054975,0.300921,0.644104
11450.jpg,0.114689,0.511352,0.373959
12573.jpg,0.453245,0.449952,0.096803
10594.jpg,0.366267,0.503177,0.130556
13200.jpg,0.201546,0.739835,0.058618
11491.jpg,0.328141,0.63099,0.040869
11759.jpg,0.178979,0.473507,0.347515
10814.jpg,0.168534,0.530614,0.300852
10355.jpg,0.133285,0.58961,0.277106
12365.jpg,0.074226,0.552457,0.373317
11259.jpg,0.184295,0.749634,0.066072
10673.jpg,0.15088,0.598053,0.251067
12664.jpg,0.08206,0.281249,0.636691
12767.jpg,0.108674,0.569325,0.322001
10425.jpg,0.31207,0.64411,0.04382
10952.jpg,0.153902,0.796323,0.049775
11539.jpg,0.057987,0.451209,0.490803
10158.jpg,0.271531,0.656348,0.072121
13465.jpg,0.260762,0.705258,0.03398
10141.jpg,0.229169,0.733928,0.036903
11621.jpg,0.173355,0.62533,0.201315
13251.jpg,0.471485,0.462939,0.065575
11102.jpg,0.065884,0.604775,0.32934
10933.jpg,0.51552,0.441903,0.042577
11147.jpg,0.054791,0.408815,0.536394
10473.jpg,0.114656,0.750175,0.135168
12139.jpg,0.433922,0.557131,0.008947
11072.jpg,0.139248,0.395081,0.465671
11577.jpg,0.069972,0.573826,0.356202
12299.jpg,0.203383,0.536855,0.259762
10875.jpg,0.05223,0.226349,0.72142
10070.jpg,0.336528,0.634716,0.028756
10710.jpg,0.385216,0.519746,0.095038
11309.jpg,0.100408,0.681256,0.218336
10175.jpg,0.307504,0.604759,0.087737
12201.jpg,0.157235,0.578587,0.264178
12651.jpg,0.525868,0.393644,0.080488
12728.jpg,0.068629,0.348425,0.582946
11546.jpg,0.389571,0.583591,0.026839
13352.jpg,0.142426,0.318864,0.53871
12999.jpg,0.403829,0.541138,0.055034
10651.jpg,0.515218,0.419802,0.06498
10595.jpg,0.048703,0.20964,0.741656
10000.jpg,0.200658,0.740546,0.058796
13147.jpg,0.196579,0.575086,0.228335
11303.jpg,0.130774,0.299925,0.569301
10102.jpg,0.098497,0.744925,0.156578
11151.jpg,0.089281,0.709812,0.200907
11421.jpg,0.271327,0.44287,0.285803
11326.jpg,0.423523,0.541775,0.034703
12393.jpg,0.208452,0.696534,0.095014
13259.jpg,0.315578,0.557135,0.127287
10946.jpg,0.051752,0.413971,0.534277
12929.jpg,0.19372,0.764171,0.04211
11032.jpg,0.208918,0.699864,0.091218
12552.jpg,0.257202,0.715496,0.027302
11363.jpg,0.188161,0.442646,0.369193
11005.jpg,0.688529,0.284996,0.026475
10967.jpg,0.550573,0.373007,0.07642
10167.jpg,0.071419,0.449231,0.479349
11059.jpg,0.042255,0.599229,0.358516
12214.jpg,0.435222,0.509733,0.055045
13117.jpg,0.231237,0.511065,0.257698
12089.jpg,0.176094,0.462753,0.361153
10599.jpg,0.50471,0.47947,0.01582
11370.jpg,0.345425,0.59179,0.062785
12754.jpg,0.536687,0.35558,0.107732
12257.jpg,0.089548,0.665223,0.245229
11211.jpg,0.197517,0.669533,0.13295
11651.jpg,0.265032,0.538527,0.196441
13155.jpg,0.557245,0.422217,0.020538
11996.jpg,0.541765,0.401094,0.057141
12329.jpg,0.385695,0.569684,0.044621
10862.jpg,0.128117,0.731514,0.140369
13454.jpg,0.219842,0.56063,0.219528
11241.jpg,0.051992,0.741138,0.206869
13280.jpg,0.164682,0.74879,0.086528
11767.jpg,0.073312,0.274318,0.65237
12012.jpg,0.141949,0.455699,0.402352
10132.jpg,0.32903,0.626821,0.044149
12520.jpg,0.192469,0.46497,0.34256
10418.jpg,0.104985,0.757795,0.137221
13017.jpg,0.04625,0.305594,0.648156
11360.jpg,0.052423,0.367194,0.580383
12549.jpg,0.219789,0.596202,0.184008
10008.jpg,0.322747,0.565733,0.111521
12059.jpg,0.109937,0.554277,0.335786
11271.jpg,0.352291,0.505471,0.142237
12814.jpg,0.569517,0.412582,0.017901
12848.jpg,0.185328,0.565822,0.24885
13124.jpg,0.297705,0.553643,0.148652
12167.jpg,0.148384,0.714906,0.13671
12806.jpg,0.158692,0.54883,0.292478
12921.jpg,0.571492,0.362725,0.065782
10834.jpg,0.114323,0.478808,0.406868
11755.jpg,0.253709,0.616207,0.130084
10927.jpg,0.812421,0.174898,0.01268
12533.jpg,0.041723,0.25487,0.703407
10010.jpg,0.058386,0.15659,0.785024
12618.jpg,0.439707,0.524624,0.03567
10267.jpg,0.305119,0.641001,0.05388
12528.jpg,0.341491,0.549971,0.108538
12044.jpg,0.503777,0.447344,0.048879
11600.jpg,0.5092,0.458193,0.032607
10045.jpg,0.467071,0.481899,0.05103
11218.jpg,0.218961,0.71296,0.068078
11354.jpg,0.365742,0.533026,0.101232
13020.jpg,0.120321,0.361731,0.517947
13172.jpg,0.271685,0.614739,0.113576
10514.jpg,0.357452,0.533441,0.109107
12635.jpg,0.06027,0.44828,0.49145
11250.jpg,0.040383,0.302045,0.657572
13178.jpg,0.277719,0.568665,0.153616
11664.jpg,0.237852,0.718045,0.044103
13128.jpg,0.169239,0.725174,0.105586
10028.jpg,0.031527,0.32951,0.638964
10773.jpg,0.35805,0.626225,0.015725
10224.jpg,0.095067,0.522912,0.38202
11788.jpg,0.057535,0.338778,0.603687
10304.jpg,0.0914,0.495058,0.413542
11855.jpg,0.131583,0.60228,0.266136
10725.jpg,0.03792,0.218036,0.744044
12740.jpg,0.148768,0.497183,0.354049
12140.jpg,0.035355,0.235339,0.729305
12709.jpg,0.170893,0.607343,0.221765
13301.jpg,0.128669,0.482955,0.388376
12944.jpg,0.315008,0.633366,0.051625
10450.jpg,0.350517,0.554611,0.094872
12882.jpg,0.046282,0.38141,0.572309
10106.jpg,0.067673,0.394275,0.538052
12748.jpg,0.040462,0.350109,0.609429
12918.jpg,0.300238,0.529965,0.169798
12222.jpg,0.144289,0.425441,0.43027
10050.jpg,0.079229,0.721011,0.19976
12246.jpg,0.143453,0.347967,0.50858
11307.jpg,0.294428,0.656905,0.048668
11923.jpg,0.227697,0.608172,0.164131
10568.jpg,0.113144,0.364571,0.522285
12334.jpg,0.349105,0.628932,0.021963
11104.jpg,0.375031,0.508684,0.116286
13295.jpg,0.231373,0.649304,0.119324
12915.jpg,0.162641,0.773742,0.063617
11376.jpg,0.088643,0.305627,0.60573
11415.jpg,0.033078,0.135974,0.830949
13158.jpg,0.264327,0.689506,0.046168
10360.jpg,0.213023,0.62122,0.165757
12537.jpg,0.051983,0.261117,0.686901
10051.jpg,0.080758,0.507409,0.411833
10948.jpg,0.375368,0.548726,0.075906
12877.jpg,0.260193,0.621157,0.118651
11436.jpg,0.059486,0.496275,0.444239
13025.jpg,0.590943,0.389881,0.019176
10711.jpg,0.041477,0.244295,0.714228
13161.jpg,0.104275,0.510496,0.385229
12897.jpg,0.174731,0.775081,0.050188
12261.jpg,0.701545,0.289202,0.009253
11093.jpg,0.663433,0.303847,0.03272
10794.jpg,0.050897,0.523737,0.425366
12405.jpg,0.082854,0.571772,0.345374
12606.jpg,0.069578,0.569237,0.361185
10942.jpg,0.124118,0.570892,0.304991
12276.jpg,0.162334,0.417395,0.420271
12043.jpg,0.202926,0.59736,0.199714
10104.jpg,0.082831,0.459521,0.457647
12581.jpg,0.082107,0.40401,0.513882
12857.jpg,0.337618,0.481267,0.181115
12551.jpg,0.302845,0.64606,0.051095
11569.jpg,0.44824,0.478741,0.073018
10255.jpg,0.149838,0.763526,0.086636
10414.jpg,0.070985,0.387841,0.541174
13402.jpg,0.063096,0.283953,0.65295
13354.jpg,0.147021,0.473567,0.379412
11522.jpg,0.270966,0.471543,0.257491
11961.jpg,0.045995,0.1994,0.754605
12719.jpg,0.116666,0.488783,0.394552
12472.jpg,0.067428,0.403806,0.528766
10899.jpg,0.164904,0.643372,0.191724
10287.jpg,0.115588,0.815605,0.068807
12273.jpg,0.099829,0.504781,0.39539
12904.jpg,0.492671,0.48937,0.017959
10244.jpg,0.070291,0.228303,0.701406
12455.jpg,0.051785,0.493343,0.454872
12947.jpg,0.518579,0.309982,0.171438
12293.jpg,0.180451,0.557276,0.262274
12602.jpg,0.491381,0.481657,0.026962
10600.jpg,0.337921,0.549609,0.112471
11526.jpg,0.05352,0.211549,0.734932
12348.jpg,0.090274,0.638232,0.271494
12922.jpg,0.192786,0.655535,0.15168
12289.jpg,0.139857,0.4132,0.446944
12616.jpg,0.454556,0.432552,0.112893
12959.jpg,0.162746,0.751391,0.085862
12165.jpg,0.298101,0.614541,0.087358
11778.jpg,0.061493,0.455376,0.483131
11181.jpg,0.403176,0.54754,0.049284
12678.jpg,0.073024,0.552804,0.374173
12084.jpg,0.080877,0.306605,0.612517
12591.jpg,0.229359,0.627494,0.143148
12124.jpg,0.233828,0.50091,0.265262
10081.jpg,0.440754,0.52085,0.038397
10538.jpg,0.261526,0.661015,0.077459
12783.jpg,0.275763,0.550321,0.173916
10407.jpg,0.699186,0.277934,0.022879
11714.jpg,0.207421,0.63143,0.161149
10522.jpg,0.248038,0.688806,0.063156
12311.jpg,0.145293,0.425712,0.428995
12306.jpg,0.389183,0.523415,0.087403
12413.jpg,0.069124,0.423697,0.507179
13215.jpg,0.312769,0.457365,0.229865
12272.jpg,0.556872,0.412209,0.030919
11198.jpg,0.402309,0.40712,0.190571
12936.jpg,0.102945,0.259447,0.637608
12477.jpg,0.1495,0.54424,0.30626
10237.jpg,0.109568,0.438238,0.452194
11138.jpg,0.287871,0.592725,0.119404
13223.jpg,0.257352,0.706155,0.036493
12514.jpg,0.429713,0.538687,0.0316
13483.jpg,0.04657,0.533547,0.419883
11176.jpg,0.05583,0.4115,0.53267
12351.jpg,0.058551,0.381811,0.559638
10512.jpg,0.247284,0.532103,0.220613
11572.jpg,0.367213,0.540401,0.092386
12040.jpg,0.092386,0.459192,0.448422
11917.jpg,0.067043,0.451494,0.481463
13202.jpg,0.162998,0.47682,0.360182
10653.jpg,0.287649,0.545003,0.167348
10527.jpg,0.034377,0.23403,0.731593
12229.jpg,0.547405,0.438975,0.01362
12429.jpg,0.035601,0.239725,0.724674
10994.jpg,0.126051,0.514032,0.359918
10438.jpg,0.047364,0.32701,0.625626
12756.jpg,0.054841,0.243519,0.70164
12885.jpg,0.102105,0.668931,0.228964
11158.jpg,0.357037,0.441997,0.200966
10256.jpg,0.107042,0.636353,0.256604
13291.jpg,0.039371,0.335321,0.625308
11865.jpg,0.09001,0.615572,0.294418
10849.jpg,0.454491,0.491279,0.05423
12151.jpg,0.474819,0.447524,0.077657
11580.jpg,0.205074,0.718381,0.076545
12938.jpg,0.217373,0.551948,0.230679
13185.jpg,0.624079,0.355263,0.020658
12083.jpg,0.363185,0.507388,0.129428
12169.jpg,0.040582,0.449443,0.509975
13484.jpg,0.672545,0.309098,0.018357
11068.jpg,0.361384,0.567669,0.070947
12075.jpg,0.055948,0.535325,0.408727
10228.jpg,0.216448,0.737072,0.046479
12656.jpg,0.087511,0.472686,0.439803
11973.jpg,0.521868,0.42589,0.052242
11446.jpg,0.074088,0.2497,0.676212
12408.jpg,0.20709,0.727795,0.065115
12320.jpg,0.099744,0.667504,0.232752
13363.jpg,0.036887,0.347805,0.615308
10290.jpg,0.099917,0.450523,0.44956
13023.jpg,0.125141,0.781569,0.093289
12041.jpg,0.100601,0.455553,0.443846
11103.jpg,0.173857,0.591825,0.234318
13226.jpg,0.054531,0.474133,0.471336
13244.jpg,0.104108,0.81504,0.080852
11382.jpg,0.283133,0.645913,0.070954
11650.jpg,0.391661,0.472934,0.135404
12428.jpg,0.314585,0.480719,0.204696
10296.jpg,0.144752,0.776842,0.078406
13266.jpg,0.043038,0.390242,0.56672
12021.jpg,0.225402,0.677229,0.097369
10918.jpg,0.067058,0.342543,0.590399
11992.jpg,0.178733,0.702315,0.118952
12315.jpg,0.297937,0.651545,0.050518
10844.jpg,0.047149,0.223955,0.728896
11076.jpg,0.775805,0.217785,0.00641
12924.jpg,0.362409,0.613123,0.024468
12521.jpg,0.310227,0.600408,0.089365
10380.jpg,0.593112,0.393848,0.01304
10213.jpg,0.192721,0.767413,0.039866
13125.jpg,0.054589,0.339356,0.606056
10170.jpg,0.035142,0.282025,0.682833
11468.jpg,0.387318,0.508546,0.104136
10880.jpg,0.050629,0.345625,0.603746
10998.jpg,0.18982,0.772492,0.037688
10426.jpg,0.088643,0.603077,0.308279
12875.jpg,0.026354,0.357192,0.616454
10913.jpg,0.39758,0.487947,0.114473
12055.jpg,0.100866,0.494602,0.404531
13142.jpg,0.2045,0.763011,0.032489
11331.jpg,0.344269,0.548509,0.107222
10705.jpg,0.099266,0.782902,0.117832
11892.jpg,0.081266,0.4156,0.503135
10562.jpg,0.039496,0.241654,0.718849
10763.jpg,0.435352,0.488864,0.075784
11231.jpg,0.135102,0.793803,0.071095
11389.jpg,0.375467,0.554942,0.069591
10123.jpg,0.261163,0.648697,0.09014
10941.jpg,0.532181,0.413825,0.053994
12912.jpg,0.162211,0.774752,0.063037
10750.jpg,0.04628,0.206823,0.746897
11090.jpg,0.158369,0.382507,0.459123
12920.jpg,0.051591,0.447012,0.501397
11839.jpg,0.401386,0.500288,0.098325
11384.jpg,0.153708,0.620585,0.225706
10702.jpg,0.044123,0.274399,0.681478
10684.jpg,0.138241,0.621352,0.240407
11550.jpg,0.068151,0.209756,0.722093
11715.jpg,0.331532,0.565478,0.10299
11233.jpg,0.169514,0.597961,0.232525
13194.jpg,0.158637,0.741556,0.099807
10491.jpg,0.836731,0.150908,0.012361
12149.jpg,0.145773,0.518516,0.335711
13303.jpg,0.668222,0.31139,0.020388
11499.jpg,0.041839,0.197628,0.760533
11763.jpg,0.166799,0.705404,0.127797
13323.jpg,0.252381,0.527745,0.219874
10341.jpg,0.148832,0.571818,0.27935
10073.jpg,0.145857,0.693077,0.161066
12509.jpg,0.034505,0.177071,0.788424
10386.jpg,0.042933,0.199061,0.758006
13013.jpg,0.194295,0.624288,0.181417
10990.jpg,0.051864,0.396306,0.55183
13168.jpg,0.395295,0.505189,0.099516
11414.jpg,0.253724,0.556789,0.189487
13221.jpg,0.192894,0.707962,0.099144
10248.jpg,0.12109,0.50592,0.37299
10307.jpg,0.262562,0.607217,0.130221
11843.jpg,0.048454,0.415126,0.53642
12458.jpg,0.116934,0.631256,0.25181
13320.jpg,0.044593,0.221086,0.73432
12711.jpg,0.090822,0.51818,0.390998
10510.jpg,0.040469,0.204881,0.75465
12992.jpg,0.119028,0.750354,0.130618
11243.jpg,0.142873,0.478345,0.378782
11007.jpg,0.179891,0.654503,0.165607
11318.jpg,0.027734,0.259007,0.713258
12027.jpg,0.219486,0.511076,0.269438
12015.jpg,0.333912,0.583814,0.082275
12327.jpg,0.172665,0.764986,0.06235
12508.jpg,0.060898,0.267788,0.671314
10558.jpg,0.203,0.571309,0.225691
13498.jpg,0.037862,0.204492,0.757647
10768.jpg,0.669393,0.31188,0.018726
11457.jpg,0.115232,0.732958,0.15181
13360.jpg,0.091954,0.460404,0.447642
12554.jpg,0.531705,0.413921,0.054374
11316.jpg,0.046172,0.303654,0.650174
12926.jpg,0.560866,0.426963,0.012171
10608.jpg,0.27622,0.498704,0.225076
13054.jpg,0.215454,0.722039,0.062507
12103.jpg,0.177526,0.702129,0.120346
10279.jpg,0.034657,0.39653,0.568812
12845.jpg,0.036147,0.293086,0.670767
13347.jpg,0.047048,0.684109,0.268843
11952.jpg,0.336779,0.50988,0.153341
12579.jpg,0.121573,0.599985,0.278442
12006.jpg,0.100027,0.504798,0.395175
11719.jpg,0.028448,0.191692,0.779861
13006.jpg,0.194812,0.657722,0.147466
11935.jpg,0.262972,0.660055,0.076973
10035.jpg,0.098572,0.55221,0.349218
11583.jpg,0.077749,0.558909,0.363342
12463.jpg,0.359483,0.619916,0.020601
11786.jpg,0.415203,0.499808,0.084989
12787.jpg,0.038422,0.262442,0.699135
12298.jpg,0.118301,0.582205,0.299494
13077.jpg,0.309588,0.615448,0.074964
11914.jpg,0.696518,0.288924,0.014558
12730.jpg,0.029575,0.321178,0.649247
12035.jpg,0.123109,0.503607,0.373284
10454.jpg,0.17319,0.447456,0.379354
10688.jpg,0.088049,0.524738,0.387212
11718.jpg,0.174568,0.63644,0.188992
11607.jpg,0.237905,0.60229,0.159805
12057.jpg,0.360373,0.608639,0.030988
10696.jpg,0.306308,0.495207,0.198485
10329.jpg,0.179234,0.57965,0.241116
10985.jpg,0.036202,0.317059,0.646739
11558.jpg,0.591819,0.355239,0.052942
12789.jpg,0.087949,0.77924,0.132811
12404.jpg,0.229688,0.550637,0.219676
11921.jpg,0.386051,0.549456,0.064494
12761.jpg,0.643566,0.30022,0.056213
11716.jpg,0.076804,0.389047,0.534149
11947.jpg,0.463557,0.457904,0.078539
11924.jpg,0.140007,0.689422,0.170571
10797.jpg,0.181315,0.724274,0.094411
11263.jpg,0.127132,0.722855,0.150013
10032.jpg,0.095764,0.530987,0.373249
10578.jpg,0.155593,0.65368,0.190727
10757.jpg,0.27587,0.485849,0.238281
10515.jpg,0.200631,0.628255,0.171115
12163.jpg,0.069815,0.629857,0.300329
11202.jpg,0.115306,0.297141,0.587553
11416.jpg,0.065728,0.805758,0.128514
12738.jpg,0.07719,0.507297,0.415513
11885.jpg,0.339673,0.625219,0.035108
10767.jpg,0.051865,0.732758,0.215377
12637.jpg,0.062854,0.344896,0.592251
11702.jpg,0.075329,0.345661,0.57901
12188.jpg,0.260063,0.51688,0.223057
10529.jpg,0.072644,0.801215,0.126142
11031.jpg,0.220817,0.734416,0.044767
10140.jpg,0.32218,0.585474,0.092346
11831.jpg,0.406788,0.57907,0.014142
11167.jpg,0.368836,0.611959,0.019205
11070.jpg,0.064309,0.641655,0.294037
12567.jpg,0.087018,0.803608,0.109374
11956.jpg,0.13526,0.546447,0.318293
10079.jpg,0.076222,0.681387,0.24239
11237.jpg,0.223683,0.537997,0.23832
12948.jpg,0.466589,0.477187,0.056224
12704.jpg,0.160552,0.511382,0.328066
10137.jpg,0.130879,0.460803,0.408318
10550.jpg,0.188169,0.663601,0.148229
13111.jpg,0.185906,0.700449,0.113645
11967.jpg,0.462383,0.499486,0.03813
10680.jpg,0.40587,0.511033,0.083097
10646.jpg,0.072157,0.419005,0.508838
11476.jpg,0.517273,0.46869,0.014037
10784.jpg,0.47549,0.411567,0.112944
12854.jpg,0.072164,0.232268,0.695569
10964.jpg,0.208949,0.709086,0.081965
11214.jpg,0.219218,0.69278,0.088002
10419.jpg,0.035483,0.313676,0.650841
13386.jpg,0.06893,0.425205,0.505866
12870.jpg,0.19061,0.591468,0.217922
10347.jpg,0.115525,0.791891,0.092583
12033.jpg,0.573399,0.355057,0.071544
10845.jpg,0.296733,0.598342,0.104925
12981.jpg,0.037074,0.251604,0.711323
12241.jpg,0.310399,0.649089,0.040512
10245.jpg,0.336327,0.445286,0.218388
12498.jpg,0.055836,0.476419,0.467745
13473.jpg,0.619893,0.354656,0.025451
11868.jpg,0.089239,0.761859,0.148901
13024.jpg,0.556832,0.426328,0.016841
11375.jpg,0.162973,0.78886,0.048167
12360.jpg,0.065737,0.379601,0.554662
10474.jpg,0.120547,0.543291,0.336161
10324.jpg,0.217556,0.636305,0.14614
11760.jpg,0.56878,0.400948,0.030272
11953.jpg,0.420386,0.549018,0.030597
11488.jpg,0.147702,0.61727,0.235027
13076.jpg,0.588651,0.339371,0.071978
12177.jpg,0.205526,0.689126,0.105348
11501.jpg,0.451844,0.483812,0.064344
13470.jpg,0.047753,0.421469,0.530779
10766.jpg,0.036942,0.177148,0.78591
10056.jpg,0.329977,0.579051,0.090972
12534.jpg,0.194658,0.513525,0.291817
12718.jpg,0.622864,0.366064,0.011072
10915.jpg,0.037551,0.230503,0.731945
12005.jpg,0.106026,0.286022,0.607952
12309.jpg,0.405028,0.550936,0.044037
12856.jpg,0.467586,0.432604,0.09981
12031.jpg,0.101673,0.621806,0.276521
11597.jpg,0.158709,0.645911,0.19538
10048.jpg,0.122956,0.458862,0.418182
10897.jpg,0.298249,0.613721,0.08803
11268.jpg,0.393378,0.519061,0.087562
10640.jpg,0.064298,0.630214,0.305488
13491.jpg,0.77162,0.212337,0.016043
11020.jpg,0.12216,0.343829,0.534011
10837.jpg,0.107107,0.487655,0.405237
10117.jpg,0.542902,0.412817,0.044281
11833.jpg,0.555445,0.392191,0.052364
12708.jpg,0.048205,0.265873,0.685921
11325.jpg,0.245561,0.728561,0.025877
12395.jpg,0.291682,0.626953,0.081365
10925.jpg,0.175643,0.647663,0.176694
11683.jpg,0.277842,0.633551,0.088607
10714.jpg,0.091209,0.273997,0.634794
12134.jpg,0.0954,0.706246,0.198353
10938.jpg,0.167023,0.430653,0.402324
11870.jpg,0.07613,0.707386,0.216484
12383.jpg,0.362358,0.442521,0.195121
13210.jpg,0.702857,0.277709,0.019434
12682.jpg,0.73391,0.260849,0.005242
10489.jpg,0.320562,0.650404,0.029035
10259.jpg,0.072615,0.243874,0.683511
11216.jpg,0.215457,0.532923,0.25162
11970.jpg,0.129071,0.719562,0.151367
13199.jpg,0.048761,0.589227,0.362012
12488.jpg,0.04588,0.30861,0.645509
12189.jpg,0.602649,0.376459,0.020892
11088.jpg,0.051201,0.323178,0.625621
10554.jpg,0.074456,0.668641,0.256903
11345.jpg,0.212408,0.597246,0.190346
12731.jpg,0.059496,0.264605,0.675899
11469.jpg,0.080372,0.449206,0.470422
13339.jpg,0.133879,0.514818,0.351303
12775.jpg,0.077493,0.367066,0.55544
11014.jpg,0.11443,0.586771,0.298799
10728.jpg,0.090933,0.789915,0.119152
11677.jpg,0.056936,0.238397,0.704667
11866.jpg,0.78698,0.200724,0.012296
12339.jpg,0.082664,0.469572,0.447764
10442.jpg,0.077815,0.349424,0.572761
11165.jpg,0.176709,0.674795,0.148496
11002.jpg,0.125424,0.520018,0.354557
13407.jpg,0.032334,0.203101,0.764565
11490.jpg,0.051752,0.423783,0.524465
10494.jpg,0.330093,0.578866,0.091042
11310.jpg,0.132836,0.543563,0.323601
10497.jpg,0.17042,0.562783,0.266797
13230.jpg,0.171728,0.515559,0.312713
12686.jpg,0.416011,0.484044,0.099945
10620.jpg,0.211692,0.714455,0.073853
12381.jpg,0.144578,0.62105,0.234371
11834.jpg,0.307075,0.500064,0.192861
13214.jpg,0.052841,0.322089,0.62507
11033.jpg,0.237796,0.713292,0.048912
13449.jpg,0.665608,0.312257,0.022135
11272.jpg,0.040688,0.324607,0.634705
12029.jpg,0.496213,0.371672,0.132115
10806.jpg,0.792835,0.196696,0.010469
12260.jpg,0.053949,0.340541,0.60551
11289.jpg,0.103422,0.560268,0.33631
12473.jpg,0.451861,0.47386,0.074279
13180.jpg,0.253746,0.547497,0.198757
13079.jpg,0.447209,0.520282,0.032509
11184.jpg,0.064944,0.333553,0.601502
13328.jpg,0.491992,0.417237,0.09077
10579.jpg,0.090185,0.419582,0.490233
10365.jpg,0.212039,0.681482,0.106479
12014.jpg,0.183595,0.665376,0.151029
11764.jpg,0.041646,0.196515,0.761839
12008.jpg,0.035693,0.176708,0.787599
11874.jpg,0.095506,0.405663,0.49883
12136.jpg,0.543511,0.424228,0.032261
10205.jpg,0.568851,0.381535,0.049614
10712.jpg,0.177237,0.60811,0.214653
13061.jpg,0.128119,0.563948,0.307934
11986.jpg,0.054306,0.715926,0.229768
10263.jpg,0.065168,0.288975,0.645857
10793.jpg,0.308934,0.667028,0.024038
10575.jpg,0.12155,0.441464,0.436987
11990.jpg,0.05172,0.599678,0.348602
13015.jpg,0.740669,0.244822,0.01451
10966.jpg,0.125572,0.770121,0.104307
11529.jpg,0.083692,0.416791,0.499517
11604.jpg,0.42276,0.526226,0.051014
12483.jpg,0.144787,0.617569,0.237643
12815.jpg,0.081295,0.495061,0.423644
12155.jpg,0.053611,0.521399,0.42499
11660.jpg,0.046712,0.285178,0.66811
12774.jpg,0.060977,0.315989,0.623035
12701.jpg,0.290405,0.554583,0.155012
12024.jpg,0.0671,0.717616,0.215284
11793.jpg,0.222953,0.610665,0.166381
10823.jpg,0.14156,0.69801,0.16043
10189.jpg,0.051741,0.572883,0.375376
11249.jpg,0.075267,0.791278,0.133456
12338.jpg,0.372483,0.57982,0.047697
10204.jpg,0.180414,0.671156,0.14843
13116.jpg,0.033089,0.232714,0.734197
12482.jpg,0.071694,0.447667,0.480639
11751.jpg,0.682059,0.305255,0.012687
10298.jpg,0.480025,0.50197,0.018005
10992.jpg,0.20129,0.278759,0.519951
10744.jpg,0.178466,0.574002,0.247532
11904.jpg,0.111804,0.669343,0.218853
10038.jpg,0.232448,0.639362,0.12819
10212.jpg,0.113422,0.548172,0.338406
10583.jpg,0.098977,0.188163,0.712859
12294.jpg,0.225075,0.673538,0.101388
12667.jpg,0.219297,0.484958,0.295746
12063.jpg,0.12439,0.522351,0.353258
12683.jpg,0.098328,0.596611,0.305061
13482.jpg,0.053131,0.316364,0.630505
12266.jpg,0.04655,0.205223,0.748228
13307.jpg,0.313775,0.582241,0.103984
12859.jpg,0.038876,0.245759,0.715365
10518.jpg,0.071473,0.277959,0.650567
13152.jpg,0.12607,0.45531,0.418621
12402.jpg,0.079455,0.338083,0.582462
10717.jpg,0.415839,0.558215,0.025946
13445.jpg,0.095171,0.374495,0.530334
10159.jpg,0.528922,0.398347,0.072731
12156.jpg,0.324158,0.644851,0.030991
12127.jpg,0.034746,0.213764,0.75149
10397.jpg,0.051967,0.669505,0.278527
11408.jpg,0.120262,0.543671,0.336067
12157.jpg,0.117824,0.618741,0.263436
12881.jpg,0.076544,0.429777,0.493679
10746.jpg,0.585938,0.389133,0.024929
12303.jpg,0.410267,0.55966,0.030074
11377.jpg,0.069327,0.342632,0.588041
10674.jpg,0.564675,0.410483,0.024842
12268.jpg,0.11185,0.468542,0.419608
11815.jpg,0.113163,0.610639,0.276198
10349.jpg,0.164836,0.660458,0.174706
12457.jpg,0.048568,0.20414,0.747292
10916.jpg,0.368888,0.534879,0.096233
10735.jpg,0.102812,0.509544,0.387644
13263.jpg,0.05456,0.317174,0.628266
10733.jpg,0.529352,0.432321,0.038327
11077.jpg,0.160176,0.472823,0.367001
10544.jpg,0.593036,0.348069,0.058895
12092.jpg,0.563147,0.412612,0.02424
11081.jpg,0.077585,0.380305,0.542109
10127.jpg,0.06492,0.690228,0.244853
10604.jpg,0.099118,0.606301,0.294581
10218.jpg,0.205033,0.747542,0.047425
11584.jpg,0.086738,0.659416,0.253846
12990.jpg,0.559954,0.376411,0.063634
11453.jpg,0.088642,0.430349,0.481009
11859.jpg,0.125337,0.811286,0.063377
10297.jpg,0.419739,0.424876,0.155385
13361.jpg,0.106113,0.591794,0.302093
12475.jpg,0.158139,0.568087,0.273774
11035.jpg,0.288042,0.664397,0.047561
11238.jpg,0.040343,0.34098,0.618677
11164.jpg,0.087915,0.390334,0.52175
13026.jpg,0.065333,0.778587,0.15608
12054.jpg,0.146029,0.564304,0.289667
11931.jpg,0.0698,0.701361,0.22884
10634.jpg,0.075069,0.433514,0.491417
11047.jpg,0.095987,0.431535,0.472478
13493.jpg,0.468154,0.520071,0.011775
10488.jpg,0.082614,0.592786,0.3246
12275.jpg,0.03574,0.29697,0.66729
11064.jpg,0.64594,0.330668,0.023393
13375.jpg,0.161573,0.616076,0.22235
10743.jpg,0.125832,0.418441,0.455727
11515.jpg,0.34895,0.622431,0.02862
10719.jpg,0.222301,0.440989,0.336709
12042.jpg,0.125632,0.571365,0.303003
11845.jpg,0.437501,0.536222,0.026278
13018.jpg,0.186553,0.661767,0.15168
10785.jpg,0.203384,0.567625,0.228991
13390.jpg,0.066843,0.605244,0.327913
13315.jpg,0.050479,0.241857,0.707664
11137.jpg,0.040544,0.337238,0.622219
11045.jpg,0.200115,0.61767,0.182215
12650.jpg,0.257554,0.614629,0.127817
10565.jpg,0.259299,0.429146,0.311554
11536.jpg,0.310971,0.611238,0.077791
11505.jpg,0.260192,0.534574,0.205234
10101.jpg,0.277775,0.587619,0.134607
11562.jpg,0.312513,0.574763,0.112723
11934.jpg,0.267313,0.629554,0.103133
13068.jpg,0.142533,0.818978,0.03849
10642.jpg,0.241696,0.599506,0.158797
12346.jpg,0.086218,0.75528,0.158503
10031.jpg,0.131163,0.44277,0.426067
12102.jpg,0.22546,0.498711,0.275829
10787.jpg,0.140804,0.395317,0.463878
11517.jpg,0.090627,0.714337,0.195035
11756.jpg,0.066199,0.324906,0.608894
11465.jpg,0.331432,0.567007,0.101561
12733.jpg,0.17592,0.781503,0.042577
12375.jpg,0.315108,0.601836,0.083056
11188.jpg,0.318838,0.607417,0.073745
12249.jpg,0.128928,0.787355,0.083717
11746.jpg,0.066427,0.655792,0.277781
11587.jpg,0.236165,0.495076,0.268759
13184.jpg,0.065621,0.444842,0.489537
11390.jpg,0.800269,0.190871,0.00886
12707.jpg,0.544624,0.427984,0.027391
12722.jpg,0.172519,0.628479,0.199002
10621.jpg,0.072025,0.605691,0.322284
13138.jpg,0.162385,0.481411,0.356204
12886.jpg,0.693267,0.289857,0.016877
11861.jpg,0.164913,0.698044,0.137043
12621.jpg,0.124728,0.786238,0.089034
12663.jpg,0.077939,0.300282,0.621779
12907.jpg,0.436524,0.453546,0.10993
12679.jpg,0.086699,0.596611,0.31669
10072.jpg,0.063519,0.50052,0.435961
10882.jpg,0.232156,0.578063,0.189781
11699.jpg,0.219287,0.736134,0.044578
10358.jpg,0.421379,0.367319,0.211302
10569.jpg,0.339479,0.579588,0.080934
10759.jpg,0.038292,0.337001,0.624708
12284.jpg,0.249945,0.714634,0.035421
10874.jpg,0.527323,0.414499,0.058178
12795.jpg,0.230941,0.589238,0.179821
12646.jpg,0.358676,0.504395,0.136928
12742.jpg,0.344863,0.556214,0.098923
11638.jpg,0.340867,0.552541,0.106591
12048.jpg,0.344819,0.582593,0.072587
10069.jpg,0.666301,0.306506,0.027193
11555.jpg,0.489504,0.490667,0.01983
11372.jpg,0.636116,0.332535,0.03135
11749.jpg,0.337096,0.635802,0.027102
12308.jpg,0.319701,0.587757,0.092542
11911.jpg,0.06597,0.631631,0.302398
10328.jpg,0.159864,0.79673,0.043407
12832.jpg,0.157331,0.565847,0.276822
10231.jpg,0.078601,0.384337,0.537063
11402.jpg,0.17406,0.441988,0.383952
12729.jpg,0.440229,0.514642,0.045129
13070.jpg,0.091532,0.326732,0.581736
12734.jpg,0.393731,0.533458,0.072811
12154.jpg,0.064554,0.364997,0.570449
13382.jpg,0.079392,0.43483,0.485778
11995.jpg,0.253797,0.713097,0.033106
11771.jpg,0.672983,0.305509,0.021508
11429.jpg,0.563577,0.413374,0.023049
13330.jpg,0.119326,0.532713,0.347961
11567.jpg,0.122391,0.754514,0.123096
12004.jpg,0.202268,0.623055,0.174677
13396.jpg,0.091189,0.625459,0.283352
11245.jpg,0.188215,0.706716,0.105069
13150.jpg,0.26067,0.676324,0.063005
12688.jpg,0.382928,0.502941,0.114131
10493.jpg,0.125357,0.547273,0.32737
12062.jpg,0.159428,0.778325,0.062247
10589.jpg,0.804527,0.186169,0.009304
12760.jpg,0.128517,0.799393,0.07209
11381.jpg,0.090144,0.471317,0.438539
11854.jpg,0.629835,0.296798,0.073368
11690.jpg,0.046717,0.514116,0.439167
10172.jpg,0.04711,0.29795,0.65494
11482.jpg,0.457732,0.453824,0.088444
12841.jpg,0.340214,0.493014,0.166772
11358.jpg,0.117122,0.463564,0.419313
13324.jpg,0.047816,0.186548,0.765636
10996.jpg,0.749574,0.236991,0.013435
12425.jpg,0.050848,0.315701,0.633451
12723.jpg,0.196381,0.762275,0.041344
10878.jpg,0.305964,0.661929,0.032106
12867.jpg,0.063382,0.648237,0.288381
10013.jpg,0.10237,0.413544,0.484087
12433.jpg,0.308826,0.480037,0.211137
10005.jpg,0.195977,0.633605,0.170419
10336.jpg,0.245993,0.665044,0.088962
10232.jpg,0.093339,0.418813,0.487848
12661.jpg,0.46057,0.448027,0.091403
10356.jpg,0.039631,0.348744,0.611624
10475.jpg,0.175252,0.780787,0.043961
12011.jpg,0.403205,0.519301,0.077494
10058.jpg,0.764572,0.227577,0.007851
10590.jpg,0.354003,0.49448,0.151517
12036.jpg,0.479583,0.427398,0.093019
12235.jpg,0.237958,0.59121,0.170832
11046.jpg,0.124209,0.541656,0.334135
12957.jpg,0.060698,0.196015,0.743287
12797.jpg,0.040394,0.349902,0.609704
11646.jpg,0.036352,0.218789,0.744859
11128.jpg,0.099016,0.414468,0.486517
13279.jpg,0.295558,0.627558,0.076883
12270.jpg,0.427277,0.510962,0.06176
13135.jpg,0.080524,0.464864,0.454612
10666.jpg,0.101099,0.648213,0.250688
12906.jpg,0.110942,0.578131,0.310928
12278.jpg,0.4225,0.386046,0.191454
10196.jpg,0.245849,0.684444,0.069706
11801.jpg,0.075839,0.824565,0.099596
13235.jpg,0.156938,0.504857,0.338205
12422.jpg,0.443597,0.499186,0.057217
10783.jpg,0.224024,0.522493,0.253482
10580.jpg,0.340719,0.579512,0.079769
13032.jpg,0.09631,0.526441,0.377249
10389.jpg,0.091899,0.707807,0.200293
11768.jpg,0.456356,0.513288,0.030356
11630.jpg,0.05221,0.654844,0.292946
10130.jpg,0.133549,0.808908,0.057543
10792.jpg,0.116931,0.424336,0.458734
11105.jpg,0.255718,0.505132,0.23915
10607.jpg,0.097297,0.493025,0.409679
10945.jpg,0.110295,0.283116,0.60659
10997.jpg,0.10665,0.646662,0.246688
11988.jpg,0.133157,0.475994,0.390849
12770.jpg,0.111573,0.642324,0.246103
11273.jpg,0.063239,0.734377,0.202385
11958.jpg,0.041801,0.271792,0.686407
11912.jpg,0.028695,0.247663,0.723642
13463.jpg,0.142865,0.722044,0.135092
12861.jpg,0.146536,0.552599,0.300864
12461.jpg,0.247052,0.4535,0.299448
12050.jpg,0.030317,0.192324,0.77736
13453.jpg,0.389799,0.391609,0.218592
10322.jpg,0.058426,0.541632,0.399941
11669.jpg,0.153887,0.484829,0.361284
12837.jpg,0.260953,0.565958,0.173089
12769.jpg,0.053853,0.158307,0.787839
11139.jpg,0.146558,0.286509,0.566933
10861.jpg,0.068108,0.225385,0.706507
13431.jpg,0.306663,0.62394,0.069397
11190.jpg,0.204236,0.712169,0.083595
13425.jpg,0.049627,0.405322,0.545051
11898.jpg,0.211714,0.566642,0.221644
11049.jpg,0.572244,0.409934,0.017822
12898.jpg,0.055992,0.199345,0.744662
10040.jpg,0.060769,0.235937,0.703294
11275.jpg,0.137539,0.489859,0.372602
10306.jpg,0.151728,0.535772,0.312499
12394.jpg,0.076363,0.276117,0.64752
12162.jpg,0.145537,0.53086,0.323604
13016.jpg,0.121647,0.430166,0.448187
12753.jpg,0.19699,0.726122,0.076889
12506.jpg,0.222511,0.727065,0.050425
11394.jpg,0.026104,0.211263,0.762633
13344.jpg,0.196483,0.735124,0.068394
11228.jpg,0.332656,0.515281,0.152063
10151.jpg,0.07275,0.402681,0.524569
13505.jpg,0.170356,0.602766,0.226878
12889.jpg,0.207606,0.561653,0.230741
10612.jpg,0.052924,0.180302,0.766774
11586.jpg,0.427871,0.511314,0.060815
11598.jpg,0.037426,0.273142,0.689432
13009.jpg,0.042715,0.279842,0.677442
11478.jpg,0.072738,0.474841,0.452421
10129.jpg,0.081704,0.782291,0.136005
13444.jpg,0.095158,0.33342,0.571422
13040.jpg,0.066194,0.370431,0.563376
11323.jpg,0.329843,0.624349,0.045808
11481.jpg,0.41569,0.515743,0.068567
10230.jpg,0.263306,0.692166,0.044528
12122.jpg,0.068696,0.238724,0.69258
10110.jpg,0.051984,0.389425,0.55859
13148.jpg,0.554729,0.363283,0.081988
12577.jpg,0.400559,0.570539,0.028903
12467.jpg,0.098481,0.718918,0.182601
13231.jpg,0.120649,0.764372,0.114979
13380.jpg,0.254758,0.697454,0.047788
10654.jpg,0.091926,0.63041,0.277664
11708.jpg,0.166572,0.528535,0.304893
13334.jpg,0.071644,0.373147,0.55521
12894.jpg,0.435329,0.490119,0.074552
13113.jpg,0.04222,0.530321,0.427459
12790.jpg,0.043679,0.36387,0.592451
10566.jpg,0.489398,0.35901,0.151591
12716.jpg,0.387145,0.486857,0.125998
12792.jpg,0.057088,0.25611,0.686802
13322.jpg,0.102717,0.498838,0.398445
10171.jpg,0.224377,0.558449,0.217174
12221.jpg,0.377899,0.526983,0.095118
10412.jpg,0.321093,0.616956,0.061951
13421.jpg,0.055965,0.432035,0.512
12531.jpg,0.617438,0.349939,0.032623
11530.jpg,0.07518,0.541109,0.38371
11893.jpg,0.517062,0.432614,0.050323
12372.jpg,0.111163,0.491868,0.396969
12185.jpg,0.080555,0.465766,0.453679
12095.jpg,0.086484,0.553874,0.359642
11533.jpg,0.560521,0.41084,0.028639
12349.jpg,0.042909,0.331295,0.625797
11205.jpg,0.083638,0.47163,0.444732
12779.jpg,0.206543,0.717156,0.076301
12224.jpg,0.050429,0.728806,0.220766
11937.jpg,0.039949,0.336419,0.623632
11417.jpg,0.169671,0.702952,0.127377
12791.jpg,0.142807,0.448581,0.408612
10317.jpg,0.290794,0.584614,0.124593
12627.jpg,0.146109,0.444506,0.409385
10252.jpg,0.148728,0.543402,0.30787
13163.jpg,0.210961,0.621821,0.167218
10701.jpg,0.04996,0.277005,0.673036
12749.jpg,0.0487,0.247077,0.704223
11396.jpg,0.630992,0.358664,0.010344
11179.jpg,0.78832,0.195996,0.015683
11882.jpg,0.547877,0.426353,0.02577
10582.jpg,0.283069,0.605025,0.111906
11594.jpg,0.095001,0.467447,0.437551
13264.jpg,0.057002,0.286566,0.656432
10509.jpg,0.079807,0.601528,0.318665
13355.jpg,0.170368,0.698652,0.13098
10057.jpg,0.249893,0.628383,0.121724
11380.jpg,0.269588,0.623253,0.10716
10801.jpg,0.178243,0.56079,0.260967
12138.jpg,0.159638,0.292749,0.547612
11616.jpg,0.458935,0.384493,0.156573
12741.jpg,0.098089,0.510627,0.391284
10443.jpg,0.056047,0.601735,0.342219
11355.jpg,0.330599,0.540824,0.128577
10439.jpg,0.038031,0.236789,0.725181
13436.jpg,0.601618,0.365322,0.03306
10233.jpg,0.398679,0.567137,0.034184
13051.jpg,0.168761,0.513569,0.31767
10825.jpg,0.1151,0.507203,0.377697
11837.jpg,0.565527,0.421506,0.012967
10434.jpg,0.106241,0.453304,0.440455
11042.jpg,0.139406,0.544516,0.316078
10506.jpg,0.778176,0.205774,0.01605
11802.jpg,0.085612,0.72028,0.194108
12977.jpg,0.044062,0.227832,0.728105
11194.jpg,0.640795,0.316325,0.04288
11940.jpg,0.37653,0.469389,0.154081
12495.jpg,0.03466,0.222931,0.742409
12958.jpg,0.306151,0.574339,0.11951
11790.jpg,0.354917,0.539553,0.10553
10593.jpg,0.069561,0.19499,0.735449
12590.jpg,0.501449,0.397632,0.100919
12158.jpg,0.241762,0.646683,0.111555
10852.jpg,0.467139,0.48366,0.0492
11346.jpg,0.045611,0.33308,0.621309
11658.jpg,0.039682,0.176141,0.784177
10183.jpg,0.046122,0.278335,0.675543
12940.jpg,0.168316,0.599008,0.232675
10456.jpg,0.248392,0.621649,0.129959
12530.jpg,0.121527,0.488692,0.389781
12223.jpg,0.036096,0.32808,0.635825
10523.jpg,0.134914,0.619166,0.245921
10636.jpg,0.077694,0.772496,0.14981
11315.jpg,0.035096,0.332043,0.63286
12890.jpg,0.103558,0.637884,0.258559
11903.jpg,0.123101,0.474304,0.402596
11657.jpg,0.030275,0.192917,0.776808
12098.jpg,0.123198,0.539648,0.337154
10611.jpg,0.081842,0.500656,0.417502
11262.jpg,0.035156,0.243256,0.721588
13227.jpg,0.177462,0.580546,0.241992
10939.jpg,0.358165,0.614585,0.027249
10657.jpg,0.075351,0.602799,0.32185
10798.jpg,0.494164,0.496971,0.008866
12844.jpg,0.296315,0.444244,0.259441
13201.jpg,0.08205,0.641661,0.276288
10645.jpg,0.19028,0.517663,0.292057
12654.jpg,0.086395,0.826399,0.087205
12403.jpg,0.030529,0.202568,0.766903
10440.jpg,0.032538,0.284116,0.683345
11286.jpg,0.133492,0.53421,0.332298
13312.jpg,0.464917,0.477695,0.057388
11301.jpg,0.516363,0.401747,0.081889
11189.jpg,0.114718,0.760565,0.124718
11091.jpg,0.43335,0.388358,0.178291
13195.jpg,0.23396,0.715742,0.050298
12230.jpg,0.106753,0.78944,0.103806
12452.jpg,0.20545,0.49926,0.29529
10530.jpg,0.162981,0.647399,0.18962
10163.jpg,0.232092,0.67925,0.088658
12419.jpg,0.263614,0.721448,0.014939
10246.jpg,0.075835,0.572314,0.351851
12873.jpg,0.267287,0.450255,0.282458
13131.jpg,0.37026,0.594557,0.035184
10560.jpg,0.269005,0.542934,0.188061
10818.jpg,0.184407,0.700798,0.114795
11860.jpg,0.287964,0.611114,0.100922
10118.jpg,0.365595,0.600436,0.03397
11302.jpg,0.163765,0.783,0.053235
11596.jpg,0.055663,0.757271,0.187066
12599.jpg,0.034516,0.502459,0.463025
10315.jpg,0.103969,0.394372,0.501659
11122.jpg,0.177749,0.718714,0.103536
12085.jpg,0.259641,0.522199,0.21816
11608.jpg,0.101079,0.633164,0.265757
12399.jpg,0.092808,0.445668,0.461525
12594.jpg,0.136082,0.60907,0.254848
13196.jpg,0.062362,0.470874,0.466764
10354.jpg,0.082385,0.630951,0.286664
13239.jpg,0.301228,0.669236,0.029536
10003.jpg,0.53063,0.461953,0.007417
10772.jpg,0.087559,0.293794,0.618646
11281.jpg,0.040858,0.269134,0.690009
11418.jpg,0.027517,0.194256,0.778227
13383.jpg,0.171747,0.741619,0.086635
10293.jpg,0.527943,0.44684,0.025217
11773.jpg,0.161615,0.681921,0.156464
10842.jpg,0.127515,0.37649,0.495995
11659.jpg,0.037513,0.29298,0.669507
11557.jpg,0.174873,0.687417,0.13771
11195.jpg,0.157879,0.446215,0.395906
13404.jpg,0.268476,0.492841,0.238684
11918.jpg,0.046356,0.47168,0.481964
12607.jpg,0.085824,0.374187,0.539988
10291.jpg,0.269254,0.660883,0.069864
11135.jpg,0.030989,0.299521,0.66949
10951.jpg,0.15162,0.302637,0.545743
10446.jpg,0.758564,0.230591,0.010844
10754.jpg,0.067227,0.572979,0.359794
11247.jpg,0.115227,0.663686,0.221087
10539.jpg,0.225216,0.539665,0.235119
10737.jpg,0.326628,0.573684,0.099688
11019.jpg,0.084863,0.73516,0.179976
10369.jpg,0.088816,0.452653,0.458531
10921.jpg,0.294356,0.65284,0.052804
12540.jpg,0.051595,0.189177,0.759228
11371.jpg,0.088681,0.300524,0.610794
11960.jpg,0.089688,0.712328,0.197985
12252.jpg,0.282922,0.610795,0.106282
11252.jpg,0.137169,0.625462,0.237368
11570.jpg,0.678502,0.284895,0.036603
11842.jpg,0.333825,0.492743,0.173432
10049.jpg,0.041309,0.342145,0.616545
13086.jpg,0.82018,0.165093,0.014727
12194.jpg,0.205353,0.597173,0.197473
10301.jpg,0.134549,0.595056,0.270395
12580.jpg,0.349008,0.416253,0.234739
11556.jpg,0.169285,0.665512,0.165202
