image_name,Type_1,Type_2,Type_3
13367.jpg,0.252708,0.614007,0.133285
13318.jpg,0.165373,0.716258,0.118369
12233.jpg,0.432913,0.477443,0.089644
11701.jpg,0.209987,0.577986,0.212028
12228.jpg,0.079885,0.455316,0.464798
12872.jpg,0.365487,0.500631,0.133882
10289.jpg,0.056411,0.266729,0.676861
11207.jpg,0.495454,0.468994,0.035552
11883.jpg,0.153227,0.721695,0.125077
13249.jpg,0.444957,0.492239,0.062804
13203.jpg,0.053716,0.259422,0.686861
12574.jpg,0.059025,0.473343,0.467632
10995.jpg,0.19206,0.749263,0.058678
12974.jpg,0.164696,0.679289,0.156015
13434.jpg,0.062491,0.229346,0.708163
13392.jpg,0.116212,0.670928,0.21286
11825.jpg,0.265933,0.543612,0.190454
13348.jpg,0.325527,0.564734,0.109739
12253.jpg,0.09567,0.271036,0.633293
12891.jpg,0.053818,0.337906,0.608276
13046.jpg,0.37969,0.553857,0.066452
11290.jpg,0.066537,0.291606,0.641857
11159.jpg,0.09326,0.39581,0.51093
10384.jpg,0.593468,0.357466,0.049066
10452.jpg,0.310291,0.551803,0.137906
12687.jpg,0.25285,0.608478,0.138672
11932.jpg,0.319201,0.581633,0.099166
10886.jpg,0.054555,0.308365,0.63708
12796.jpg,0.050114,0.270277,0.679609
10413.jpg,0.149909,0.641616,0.208475
10810.jpg,0.35747,0.523221,0.119309
11753.jpg,0.220954,0.539155,0.23989
13341.jpg,0.132533,0.476735,0.390731
11028.jpg,0.104365,0.721963,0.173672
13059.jpg,0.040646,0.21204,0.747314
10392.jpg,0.089836,0.409176,0.500988
11084.jpg,0.056974,0.378403,0.564623
13471.jpg,0.139048,0.765658,0.095295
10029.jpg,0.389005,0.532329,0.078666
13003.jpg,0.309987,0.651556,0.038457
10060.jpg,0.388855,0.582563,0.028582
13474.jpg,0.170639,0.742321,0.08704
11915.jpg,0.210971,0.584318,0.204712
12256.jpg,0.234971,0.586862,0.178167
11857.jpg,0.354804,0.545423,0.099773
11410.jpg,0.169834,0.605382,0.224785
11118.jpg,0.376117,0.529294,0.094588
10200.jpg,0.08847,0.562097,0.349434
12446.jpg,0.50228,0.486844,0.010876
11470.jpg,0.063883,0.441447,0.494671
12746.jpg,0.50764,0.401185,0.091175
13335.jpg,0.54283,0.412094,0.045076
10054.jpg,0.051324,0.658489,0.290188
12018.jpg,0.045523,0.4036,0.550877
13305.jpg,0.24455,0.556528,0.198922
11160.jpg,0.215148,0.606252,0.178599
11210.jpg,0.550417,0.436135,0.013448
11981.jpg,0.290197,0.591774,0.118029
13130.jpg,0.093062,0.562851,0.344087
10873.jpg,0.269397,0.598429,0.132174
13049.jpg,0.135171,0.761813,0.103016
13101.jpg,0.05456,0.745292,0.200148
13065.jpg,0.097417,0.338436,0.564146
10846.jpg,0.133446,0.577682,0.288872
10015.jpg,0.074949,0.434883,0.490168
10009.jpg,0.110088,0.550226,0.339686
11518.jpg,0.225942,0.733596,0.040461
12285.jpg,0.042123,0.340533,0.617344
12564.jpg,0.325286,0.589167,0.085547
12910.jpg,0.159581,0.786962,0.053457
10405.jpg,0.427114,0.552242,0.020645
11949.jpg,0.04293,0.360748,0.596322
10411.jpg,0.104944,0.749278,0.145778
10396.jpg,0.547541,0.428371,0.024088
10533.jpg,0.032563,0.174637,0.7928
10044.jpg,0.387799,0.44013,0.172071
12300.jpg,0.469852,0.439794,0.090355
11928.jpg,0.723752,0.264639,0.011609
11048.jpg,0.688326,0.284104,0.02757
10387.jpg,0.08527,0.736688,0.178042
11142.jpg,0.619725,0.350158,0.030116
13292.jpg,0.43701,0.487931,0.075059
12928.jpg,0.44477,0.495935,0.059296
11485.jpg,0.037029,0.226073,0.736898
13374.jpg,0.15073,0.7281,0.12117
12781.jpg,0.201427,0.696038,0.102535
10641.jpg,0.238578,0.530944,0.230479
10959.jpg,0.434147,0.532794,0.033059
11335.jpg,0.368696,0.551013,0.080291
13031.jpg,0.234671,0.716483,0.048846
11944.jpg,0.058673,0.455095,0.486232
10385.jpg,0.721173,0.264572,0.014255
11332.jpg,0.034622,0.234291,0.731086
10351.jpg,0.084476,0.540877,0.374647
11208.jpg,0.03647,0.641182,0.322347
10080.jpg,0.195919,0.494014,0.310068
12994.jpg,0.057605,0.580081,0.362314
10482.jpg,0.055846,0.227728,0.716426
10214.jpg,0.101896,0.763142,0.134962
10462.jpg,0.060756,0.311009,0.628235
13165.jpg,0.491547,0.44537,0.063082
11399.jpg,0.051131,0.167251,0.781618
12212.jpg,0.104946,0.436611,0.458442
12118.jpg,0.211706,0.527936,0.260358
13193.jpg,0.040906,0.242624,0.71647
10848.jpg,0.041628,0.219571,0.738801
12980.jpg,0.325915,0.591596,0.082489
12427.jpg,0.160683,0.57828,0.261036
12325.jpg,0.082191,0.386529,0.531279
10551.jpg,0.154299,0.584635,0.261066
10671.jpg,0.18956,0.568451,0.241989
10391.jpg,0.047552,0.319929,0.632519
11450.jpg,0.12843,0.508797,0.362773
12573.jpg,0.432753,0.449408,0.11784
10594.jpg,0.369822,0.502847,0.127331
13200.jpg,0.214503,0.723216,0.062281
11491.jpg,0.32131,0.63084,0.047851
11759.jpg,0.188293,0.47717,0.334536
10814.jpg,0.144875,0.480483,0.374642
10355.jpg,0.158639,0.587252,0.254108
12365.jpg,0.084563,0.540163,0.375273
11259.jpg,0.195049,0.73369,0.071261
10673.jpg,0.151729,0.594025,0.254245
12664.jpg,0.072138,0.265581,0.66228
12767.jpg,0.10637,0.531409,0.362221
10425.jpg,0.273802,0.664034,0.062164
10952.jpg,0.161352,0.78174,0.056907
11539.jpg,0.065905,0.440838,0.493258
10158.jpg,0.2726,0.649482,0.077917
13465.jpg,0.274587,0.689865,0.035548
10141.jpg,0.212957,0.739858,0.047185
11621.jpg,0.19367,0.623073,0.183257
13251.jpg,0.476816,0.462437,0.060747
11102.jpg,0.085788,0.622732,0.29148
10933.jpg,0.489484,0.469743,0.040773
11147.jpg,0.051471,0.422604,0.525925
10473.jpg,0.113882,0.729136,0.156982
12139.jpg,0.430629,0.555901,0.01347
11072.jpg,0.137231,0.380681,0.482088
11577.jpg,0.072614,0.553437,0.373949
12299.jpg,0.249172,0.538493,0.212334
10875.jpg,0.048492,0.27828,0.673228
10070.jpg,0.344986,0.620114,0.0349
10710.jpg,0.373171,0.519786,0.107043
11309.jpg,0.093446,0.680716,0.225838
10175.jpg,0.290542,0.621382,0.088076
12201.jpg,0.171343,0.582423,0.246234
12651.jpg,0.521216,0.406593,0.072191
12728.jpg,0.059572,0.320216,0.620212
11546.jpg,0.415739,0.546539,0.037722
13352.jpg,0.122489,0.340304,0.537207
12999.jpg,0.400383,0.546129,0.053487
10651.jpg,0.52674,0.4189,0.054359
10595.jpg,0.047584,0.207898,0.744517
10000.jpg,0.218765,0.72353,0.057705
13147.jpg,0.245759,0.551239,0.203002
11303.jpg,0.129381,0.293226,0.577394
10102.jpg,0.096484,0.725229,0.178287
11151.jpg,0.096039,0.673194,0.230767
11421.jpg,0.271343,0.4481,0.280557
11326.jpg,0.418454,0.5499,0.031646
12393.jpg,0.202473,0.678204,0.119323
13259.jpg,0.331339,0.554426,0.114235
10946.jpg,0.049108,0.39058,0.560313
12929.jpg,0.202555,0.742007,0.055439
11032.jpg,0.191343,0.688765,0.119892
12552.jpg,0.265626,0.704455,0.029919
11363.jpg,0.164957,0.426316,0.408727
11005.jpg,0.627688,0.336744,0.035569
10967.jpg,0.551187,0.381277,0.067536
10167.jpg,0.084301,0.463452,0.452246
11059.jpg,0.042818,0.623604,0.333578
12214.jpg,0.388052,0.528246,0.083702
13117.jpg,0.265147,0.507663,0.22719
12089.jpg,0.173521,0.465529,0.360951
10599.jpg,0.486206,0.494191,0.019603
11370.jpg,0.341182,0.589278,0.06954
12754.jpg,0.497154,0.382239,0.120607
12257.jpg,0.101337,0.655049,0.243613
11211.jpg,0.210596,0.652897,0.136507
11651.jpg,0.287112,0.533653,0.179235
13155.jpg,0.587842,0.385977,0.02618
11996.jpg,0.50852,0.425269,0.066211
12329.jpg,0.389164,0.557482,0.053354
10862.jpg,0.144743,0.691181,0.164076
13454.jpg,0.225279,0.563069,0.211652
11241.jpg,0.057886,0.729205,0.212908
13280.jpg,0.166828,0.73206,0.101111
11767.jpg,0.063743,0.275076,0.661181
12012.jpg,0.138259,0.479255,0.382486
10132.jpg,0.354629,0.60693,0.038441
12520.jpg,0.206487,0.488575,0.304938
10418.jpg,0.101287,0.751791,0.146922
13017.jpg,0.046151,0.280959,0.672891
11360.jpg,0.049055,0.315093,0.635852
12549.jpg,0.262347,0.578743,0.15891
10008.jpg,0.346571,0.54241,0.111019
12059.jpg,0.110474,0.552206,0.337321
11271.jpg,0.371954,0.501197,0.126849
12814.jpg,0.530959,0.444214,0.024827
12848.jpg,0.186925,0.563643,0.249432
13124.jpg,0.283117,0.545266,0.171617
12167.jpg,0.155319,0.692672,0.152009
12806.jpg,0.173054,0.547207,0.279739
12921.jpg,0.548546,0.387822,0.063633
10834.jpg,0.114284,0.492016,0.3937
11755.jpg,0.307991,0.567804,0.124206
10927.jpg,0.716214,0.245393,0.038393
12533.jpg,0.039586,0.235676,0.724737
10010.jpg,0.053306,0.153456,0.793239
12618.jpg,0.410768,0.549334,0.039897
10267.jpg,0.299658,0.640473,0.059868
12528.jpg,0.332871,0.558505,0.108624
12044.jpg,0.489212,0.463951,0.046837
11600.jpg,0.501704,0.46707,0.031227
10045.jpg,0.475682,0.478005,0.046313
11218.jpg,0.21735,0.69906,0.08359
11354.jpg,0.361434,0.534469,0.104097
13020.jpg,0.111926,0.35282,0.535254
13172.jpg,0.270427,0.610328,0.119245
10514.jpg,0.360557,0.533391,0.106052
12635.jpg,0.056007,0.472422,0.47157
11250.jpg,0.034091,0.266558,0.699352
13178.jpg,0.285653,0.576187,0.13816
11664.jpg,0.231397,0.709609,0.058995
13128.jpg,0.189729,0.717152,0.09312
10028.jpg,0.028932,0.320607,0.650461
10773.jpg,0.342662,0.631021,0.026318
10224.jpg,0.107969,0.522754,0.369276
11788.jpg,0.055574,0.329031,0.615395
10304.jpg,0.126466,0.503653,0.369881
11855.jpg,0.171201,0.589761,0.239038
10725.jpg,0.033443,0.212293,0.754265
12740.jpg,0.152854,0.508299,0.338847
12140.jpg,0.032249,0.205714,0.762037
12709.jpg,0.210415,0.604458,0.185128
13301.jpg,0.122062,0.476317,0.401621
12944.jpg,0.301602,0.641532,0.056867
10450.jpg,0.358801,0.551336,0.089864
12882.jpg,0.045369,0.363542,0.591089
10106.jpg,0.063005,0.407279,0.529715
12748.jpg,0.036342,0.315439,0.648218
12918.jpg,0.329608,0.524996,0.145396
12222.jpg,0.12252,0.403619,0.473861
10050.jpg,0.086717,0.706487,0.206795
12246.jpg,0.156909,0.369064,0.474027
11307.jpg,0.287554,0.661516,0.050929
11923.jpg,0.21276,0.598016,0.189224
10568.jpg,0.097611,0.351759,0.550629
12334.jpg,0.32044,0.647633,0.031927
11104.jpg,0.386508,0.505692,0.1078
13295.jpg,0.234882,0.633055,0.132063
12915.jpg,0.164028,0.754933,0.081039
11376.jpg,0.087235,0.307887,0.604878
11415.jpg,0.030756,0.145512,0.823733
13158.jpg,0.252191,0.682558,0.065252
10360.jpg,0.190058,0.594131,0.215811
12537.jpg,0.050971,0.262747,0.686282
10051.jpg,0.078743,0.49389,0.427367
10948.jpg,0.391135,0.538164,0.070701
12877.jpg,0.306597,0.585611,0.107791
11436.jpg,0.062327,0.471291,0.466382
13025.jpg,0.554884,0.426586,0.01853
10711.jpg,0.038428,0.228042,0.733529
13161.jpg,0.111512,0.495083,0.393406
12897.jpg,0.174208,0.769883,0.055909
12261.jpg,0.624812,0.355928,0.019261
11093.jpg,0.589765,0.3642,0.046034
10794.jpg,0.047413,0.481651,0.470936
12405.jpg,0.074569,0.538332,0.387099
12606.jpg,0.072964,0.542759,0.384277
10942.jpg,0.15245,0.583037,0.264513
12276.jpg,0.135154,0.391342,0.473503
12043.jpg,0.211506,0.58937,0.199124
10104.jpg,0.082493,0.450704,0.466803
12581.jpg,0.083116,0.394129,0.522755
12857.jpg,0.316343,0.501798,0.181859
12551.jpg,0.314881,0.631664,0.053455
11569.jpg,0.461877,0.469112,0.069011
10255.jpg,0.153589,0.745087,0.101324
10414.jpg,0.066643,0.381267,0.55209
13402.jpg,0.063625,0.297734,0.638641
13354.jpg,0.162998,0.478568,0.358435
11522.jpg,0.277129,0.475174,0.247697
11961.jpg,0.043051,0.195605,0.761344
12719.jpg,0.124508,0.516674,0.358818
12472.jpg,0.057801,0.402319,0.53988
10899.jpg,0.170215,0.625896,0.203889
10287.jpg,0.121076,0.801776,0.077147
12273.jpg,0.109941,0.511196,0.378863
12904.jpg,0.487866,0.486389,0.025746
10244.jpg,0.063833,0.219229,0.716937
12455.jpg,0.051354,0.478219,0.470427
12947.jpg,0.469813,0.324016,0.206171
12293.jpg,0.197939,0.568807,0.233254
12602.jpg,0.467684,0.490437,0.041879
10600.jpg,0.352046,0.550775,0.09718
11526.jpg,0.046207,0.193435,0.760358
12348.jpg,0.095207,0.622672,0.282121
12922.jpg,0.169364,0.64228,0.188355
12289.jpg,0.140285,0.426326,0.433389
12616.jpg,0.43362,0.436338,0.130042
12959.jpg,0.184387,0.727427,0.088186
12165.jpg,0.288547,0.610946,0.100507
11778.jpg,0.056444,0.460455,0.483101
11181.jpg,0.392322,0.550556,0.057123
12678.jpg,0.073555,0.581396,0.345049
12084.jpg,0.085837,0.290018,0.624145
12591.jpg,0.269168,0.584978,0.145854
12124.jpg,0.251762,0.504819,0.243419
10081.jpg,0.470446,0.495716,0.033837
10538.jpg,0.258458,0.65061,0.090932
12783.jpg,0.277955,0.555183,0.166862
10407.jpg,0.644601,0.324835,0.030563
11714.jpg,0.237847,0.619811,0.142343
10522.jpg,0.25331,0.672866,0.073824
12311.jpg,0.120926,0.424096,0.454978
12306.jpg,0.388021,0.526841,0.085139
12413.jpg,0.070042,0.402122,0.527836
13215.jpg,0.274814,0.471873,0.253312
12272.jpg,0.527395,0.440127,0.032479
11198.jpg,0.397773,0.426048,0.176179
12936.jpg,0.09614,0.296649,0.607211
12477.jpg,0.148702,0.530918,0.32038
10237.jpg,0.101266,0.423616,0.475117
11138.jpg,0.299757,0.586724,0.113519
13223.jpg,0.27024,0.692557,0.037203
12514.jpg,0.398077,0.557541,0.044382
13483.jpg,0.043644,0.529534,0.426822
11176.jpg,0.050507,0.393839,0.555654
12351.jpg,0.054419,0.357902,0.58768
10512.jpg,0.223666,0.564304,0.212031
11572.jpg,0.393301,0.526535,0.080164
12040.jpg,0.095584,0.46276,0.441657
11917.jpg,0.071672,0.427189,0.501139
13202.jpg,0.191344,0.486234,0.322421
10653.jpg,0.2944,0.548803,0.156797
10527.jpg,0.030361,0.220834,0.748805
12229.jpg,0.523106,0.458887,0.018008
12429.jpg,0.031705,0.23556,0.732734
10994.jpg,0.109489,0.462079,0.428432
10438.jpg,0.049249,0.330805,0.619946
12756.jpg,0.046701,0.243059,0.710239
12885.jpg,0.119952,0.659642,0.220406
11158.jpg,0.315174,0.445067,0.239758
10256.jpg,0.124703,0.639916,0.235381
13291.jpg,0.044098,0.32897,0.626932
11865.jpg,0.106699,0.597266,0.296035
10849.jpg,0.420024,0.520774,0.059202
12151.jpg,0.444484,0.471127,0.084389
11580.jpg,0.209476,0.712969,0.077554
12938.jpg,0.23387,0.553619,0.212511
13185.jpg,0.616766,0.358408,0.024825
12083.jpg,0.386813,0.498196,0.114992
12169.jpg,0.044759,0.47381,0.481431
13484.jpg,0.614741,0.359208,0.026051
11068.jpg,0.360179,0.568735,0.071086
12075.jpg,0.053472,0.542889,0.403639
10228.jpg,0.213517,0.725338,0.061145
12656.jpg,0.08167,0.434578,0.483751
11973.jpg,0.49201,0.447277,0.060714
11446.jpg,0.068536,0.28086,0.650604
12408.jpg,0.203458,0.731485,0.065057
12320.jpg,0.100755,0.658287,0.240958
13363.jpg,0.033136,0.299614,0.66725
10290.jpg,0.102034,0.444577,0.453389
13023.jpg,0.136016,0.75397,0.110014
12041.jpg,0.108108,0.490327,0.401564
11103.jpg,0.186773,0.595337,0.21789
13226.jpg,0.049561,0.451316,0.499123
13244.jpg,0.105809,0.794566,0.099624
11382.jpg,0.269942,0.645011,0.085047
11650.jpg,0.403491,0.478367,0.118143
12428.jpg,0.322365,0.477616,0.200018
10296.jpg,0.152786,0.75902,0.088194
13266.jpg,0.037709,0.353487,0.608804
12021.jpg,0.232013,0.66644,0.101548
10918.jpg,0.064402,0.375425,0.560174
11992.jpg,0.188997,0.694743,0.11626
12315.jpg,0.290811,0.65384,0.055349
10844.jpg,0.045477,0.197435,0.757087
11076.jpg,0.740251,0.251571,0.008178
12924.jpg,0.353996,0.614381,0.031623
12521.jpg,0.336507,0.568014,0.09548
10380.jpg,0.607515,0.379862,0.012624
10213.jpg,0.205343,0.749904,0.044754
13125.jpg,0.048004,0.325282,0.626714
10170.jpg,0.033513,0.308387,0.6581
11468.jpg,0.381266,0.516051,0.102683
10880.jpg,0.051149,0.344383,0.604468
10998.jpg,0.205668,0.753066,0.041267
10426.jpg,0.101908,0.608252,0.28984
12875.jpg,0.024986,0.324265,0.650748
10913.jpg,0.402216,0.48942,0.108364
12055.jpg,0.093388,0.517791,0.388821
13142.jpg,0.206889,0.755352,0.037759
11331.jpg,0.369258,0.530092,0.100649
10705.jpg,0.099337,0.7637,0.136963
11892.jpg,0.105704,0.415983,0.478313
10562.jpg,0.036809,0.255554,0.707638
10763.jpg,0.461096,0.469633,0.06927
11231.jpg,0.149306,0.757198,0.093497
11389.jpg,0.383663,0.544253,0.072084
10123.jpg,0.272214,0.626066,0.10172
10941.jpg,0.567033,0.389683,0.043284
12912.jpg,0.172242,0.76145,0.066308
10750.jpg,0.047612,0.194521,0.757867
11090.jpg,0.20517,0.402786,0.392044
12920.jpg,0.056437,0.444414,0.499149
11839.jpg,0.442444,0.472054,0.085502
11384.jpg,0.14167,0.616636,0.241694
10702.jpg,0.037422,0.256903,0.705675
10684.jpg,0.130855,0.583035,0.28611
11550.jpg,0.069752,0.199634,0.730614
11715.jpg,0.341505,0.563525,0.09497
11233.jpg,0.181746,0.599565,0.218689
13194.jpg,0.163196,0.716003,0.120802
10491.jpg,0.798708,0.187801,0.01349
12149.jpg,0.118208,0.497039,0.384752
13303.jpg,0.642982,0.335593,0.021425
11499.jpg,0.038689,0.189932,0.771379
11763.jpg,0.18488,0.689342,0.125778
13323.jpg,0.248266,0.535817,0.215917
10341.jpg,0.1555,0.566229,0.278272
10073.jpg,0.146138,0.664315,0.189547
12509.jpg,0.030405,0.168056,0.801539
10386.jpg,0.036325,0.188371,0.775304
13013.jpg,0.23187,0.614136,0.153994
10990.jpg,0.055285,0.423461,0.521254
13168.jpg,0.397174,0.505411,0.097416
11414.jpg,0.214525,0.539903,0.245572
13221.jpg,0.195555,0.710895,0.093551
10248.jpg,0.128034,0.525462,0.346504
10307.jpg,0.2436,0.584639,0.171761
11843.jpg,0.048923,0.401561,0.549515
12458.jpg,0.12919,0.605671,0.265139
13320.jpg,0.035672,0.206599,0.757729
12711.jpg,0.086921,0.510709,0.40237
10510.jpg,0.037607,0.198518,0.763876
12992.jpg,0.121995,0.752122,0.125883
11243.jpg,0.177387,0.481136,0.341477
11007.jpg,0.175153,0.653275,0.171572
11318.jpg,0.026689,0.242229,0.731082
12027.jpg,0.231444,0.524781,0.243775
12015.jpg,0.347978,0.580436,0.071586
12327.jpg,0.178672,0.756104,0.065224
12508.jpg,0.068799,0.270119,0.661082
10558.jpg,0.209688,0.567425,0.222887
13498.jpg,0.031701,0.19687,0.771429
10768.jpg,0.625815,0.346747,0.027438
11457.jpg,0.118301,0.713367,0.168332
13360.jpg,0.090743,0.478609,0.430647
12554.jpg,0.509625,0.433107,0.057268
11316.jpg,0.055872,0.295557,0.648571
12926.jpg,0.566615,0.419245,0.01414
10608.jpg,0.319226,0.483091,0.197683
13054.jpg,0.229781,0.698081,0.072138
12103.jpg,0.178168,0.692572,0.12926
10279.jpg,0.039312,0.402114,0.558574
12845.jpg,0.030935,0.254173,0.714892
13347.jpg,0.048885,0.658799,0.292316
11952.jpg,0.318435,0.487528,0.194037
12579.jpg,0.136122,0.596147,0.267731
12006.jpg,0.096137,0.452237,0.451626
11719.jpg,0.024751,0.185242,0.790007
13006.jpg,0.21457,0.633224,0.152206
11935.jpg,0.263606,0.654432,0.081962
10035.jpg,0.102133,0.544063,0.353804
11583.jpg,0.087748,0.548457,0.363794
12463.jpg,0.350046,0.62374,0.026214
11786.jpg,0.364119,0.511427,0.124454
12787.jpg,0.037649,0.261731,0.700621
12298.jpg,0.115464,0.54279,0.341747
13077.jpg,0.330902,0.597953,0.071145
11914.jpg,0.693712,0.291016,0.015272
12730.jpg,0.028411,0.299316,0.672274
12035.jpg,0.134219,0.477827,0.387954
10454.jpg,0.176236,0.417769,0.405994
10688.jpg,0.091165,0.545043,0.363791
11718.jpg,0.185005,0.636812,0.178183
11607.jpg,0.220679,0.599174,0.180146
12057.jpg,0.336603,0.6179,0.045496
10696.jpg,0.326941,0.499998,0.173061
10329.jpg,0.16566,0.573702,0.260638
10985.jpg,0.033947,0.290607,0.675445
11558.jpg,0.565238,0.375597,0.059165
12789.jpg,0.091625,0.758754,0.149621
12404.jpg,0.25305,0.546357,0.200593
11921.jpg,0.392141,0.547086,0.060772
12761.jpg,0.61591,0.326577,0.057513
11716.jpg,0.078349,0.407851,0.5138
11947.jpg,0.441241,0.482228,0.076531
11924.jpg,0.157039,0.685602,0.157358
10797.jpg,0.169938,0.706901,0.123161
11263.jpg,0.140075,0.708854,0.151071
10032.jpg,0.112713,0.566207,0.321079
10578.jpg,0.168101,0.63681,0.195089
10757.jpg,0.312998,0.477002,0.21
10515.jpg,0.218851,0.613229,0.16792
12163.jpg,0.066771,0.59728,0.335949
11202.jpg,0.093779,0.268241,0.637979
11416.jpg,0.0673,0.78125,0.15145
12738.jpg,0.09699,0.54476,0.35825
11885.jpg,0.309426,0.639804,0.05077
10767.jpg,0.051881,0.708357,0.239762
12637.jpg,0.057475,0.333967,0.608558
11702.jpg,0.072529,0.331918,0.595553
12188.jpg,0.24659,0.522622,0.230788
10529.jpg,0.070202,0.771565,0.158233
11031.jpg,0.214078,0.723044,0.062878
10140.jpg,0.319082,0.58821,0.092709
11831.jpg,0.377041,0.605658,0.017301
11167.jpg,0.377946,0.602976,0.019078
11070.jpg,0.068152,0.612082,0.319766
12567.jpg,0.087863,0.790679,0.121458
11956.jpg,0.169909,0.547984,0.282107
10079.jpg,0.079937,0.666083,0.253981
11237.jpg,0.234753,0.534168,0.231079
12948.jpg,0.43756,0.493008,0.069432
12704.jpg,0.156203,0.532369,0.311429
10137.jpg,0.156618,0.487305,0.356077
10550.jpg,0.195887,0.659012,0.145101
13111.jpg,0.19462,0.67181,0.13357
11967.jpg,0.474018,0.484668,0.041314
10680.jpg,0.409436,0.499014,0.09155
10646.jpg,0.068797,0.398243,0.53296
11476.jpg,0.50479,0.478547,0.016663
10784.jpg,0.413901,0.447244,0.138854
12854.jpg,0.057195,0.212374,0.730431
10964.jpg,0.216674,0.686681,0.096645
11214.jpg,0.217333,0.691704,0.090964
10419.jpg,0.036319,0.339923,0.623758
13386.jpg,0.070356,0.404214,0.52543
12870.jpg,0.208469,0.572088,0.219443
10347.jpg,0.115974,0.769005,0.115021
12033.jpg,0.615027,0.328656,0.056317
10845.jpg,0.341805,0.562309,0.095886
12981.jpg,0.034419,0.24382,0.72176
12241.jpg,0.320096,0.642297,0.037606
10245.jpg,0.301112,0.465396,0.233491
12498.jpg,0.05311,0.47887,0.46802
13473.jpg,0.593509,0.370869,0.035622
11868.jpg,0.097735,0.744547,0.157718
13024.jpg,0.530894,0.448131,0.020975
11375.jpg,0.16943,0.783955,0.046615
12360.jpg,0.064407,0.383469,0.552124
10474.jpg,0.128801,0.552944,0.318255
10324.jpg,0.231227,0.631893,0.13688
11760.jpg,0.536179,0.426056,0.037765
11953.jpg,0.381274,0.576586,0.04214
11488.jpg,0.156996,0.616855,0.226148
13076.jpg,0.546566,0.377091,0.076343
12177.jpg,0.212335,0.669705,0.11796
11501.jpg,0.450393,0.486271,0.063336
13470.jpg,0.049057,0.409575,0.541367
10766.jpg,0.032526,0.16589,0.801584
10056.jpg,0.343092,0.576117,0.080792
12534.jpg,0.218503,0.528003,0.253493
12718.jpg,0.585509,0.395174,0.019316
10915.jpg,0.031416,0.210169,0.758415
12005.jpg,0.089085,0.27834,0.632575
12309.jpg,0.404294,0.546798,0.048907
12856.jpg,0.447761,0.45285,0.099389
12031.jpg,0.161755,0.599222,0.239024
11597.jpg,0.156238,0.635039,0.208722
10048.jpg,0.11153,0.446117,0.442354
10897.jpg,0.299347,0.601067,0.099587
11268.jpg,0.365159,0.521444,0.113397
10640.jpg,0.062688,0.605991,0.331321
13491.jpg,0.720878,0.259937,0.019185
11020.jpg,0.110792,0.343833,0.545376
10837.jpg,0.104679,0.485366,0.409955
10117.jpg,0.507865,0.432821,0.059313
11833.jpg,0.572635,0.37942,0.047945
12708.jpg,0.043786,0.265943,0.690271
11325.jpg,0.25567,0.7116,0.032731
12395.jpg,0.276274,0.63932,0.084405
10925.jpg,0.165546,0.63012,0.204333
11683.jpg,0.295674,0.616343,0.087983
10714.jpg,0.076423,0.260801,0.662776
12134.jpg,0.104619,0.686834,0.208547
10938.jpg,0.218993,0.403139,0.377867
11870.jpg,0.079101,0.682528,0.238372
12383.jpg,0.356794,0.461674,0.181532
13210.jpg,0.658461,0.322955,0.018584
12682.jpg,0.691911,0.299893,0.008196
10489.jpg,0.318829,0.643911,0.037259
10259.jpg,0.060216,0.237745,0.702039
11216.jpg,0.229647,0.538938,0.231415
11970.jpg,0.126677,0.705196,0.168127
13199.jpg,0.047725,0.591464,0.360811
12488.jpg,0.04363,0.285713,0.670657
12189.jpg,0.58295,0.396462,0.020589
11088.jpg,0.04862,0.348327,0.603053
10554.jpg,0.074608,0.633791,0.291601
11345.jpg,0.247881,0.570648,0.181471
12731.jpg,0.052382,0.248251,0.699368
11469.jpg,0.080748,0.431729,0.487522
13339.jpg,0.128527,0.544093,0.32738
12775.jpg,0.087464,0.392183,0.520353
11014.jpg,0.117399,0.584248,0.298353
10728.jpg,0.105662,0.787001,0.107337
11677.jpg,0.051944,0.226085,0.721971
11866.jpg,0.746251,0.240724,0.013025
12339.jpg,0.073354,0.471774,0.454871
10442.jpg,0.077188,0.370359,0.552454
11165.jpg,0.175029,0.681697,0.143273
11002.jpg,0.135214,0.532264,0.332522
13407.jpg,0.03018,0.195942,0.773877
11490.jpg,0.051357,0.409962,0.53868
10494.jpg,0.337861,0.574172,0.087967
11310.jpg,0.156715,0.545582,0.297703
10497.jpg,0.183449,0.562831,0.25372
13230.jpg,0.204394,0.522291,0.273315
12686.jpg,0.44486,0.467643,0.087497
10620.jpg,0.227347,0.699466,0.073187
12381.jpg,0.194956,0.582293,0.222752
11834.jpg,0.305378,0.519284,0.175338
13214.jpg,0.046468,0.325753,0.627778
11033.jpg,0.232302,0.69879,0.068907
13449.jpg,0.604017,0.361457,0.034525
11272.jpg,0.047813,0.308132,0.644056
12029.jpg,0.454081,0.400977,0.144942
10806.jpg,0.729894,0.255933,0.014173
12260.jpg,0.052186,0.349994,0.59782
11289.jpg,0.096143,0.543792,0.360065
12473.jpg,0.420182,0.496702,0.083116
13180.jpg,0.25283,0.547434,0.199736
13079.jpg,0.45295,0.516019,0.031031
11184.jpg,0.061623,0.357053,0.581324
13328.jpg,0.492244,0.424317,0.083439
10579.jpg,0.084871,0.39931,0.515818
10365.jpg,0.235095,0.65827,0.106635
12014.jpg,0.194696,0.651022,0.154283
11764.jpg,0.036733,0.192164,0.771103
12008.jpg,0.030243,0.173518,0.79624
11874.jpg,0.077975,0.37908,0.542946
12136.jpg,0.494395,0.456638,0.048967
10205.jpg,0.510433,0.420105,0.069462
10712.jpg,0.186129,0.606656,0.207215
13061.jpg,0.13195,0.554126,0.313924
11986.jpg,0.053731,0.701124,0.245145
10263.jpg,0.059651,0.295793,0.644555
10793.jpg,0.304486,0.665676,0.029838
10575.jpg,0.133544,0.444366,0.42209
11990.jpg,0.057604,0.597499,0.344898
13015.jpg,0.689223,0.292319,0.018459
10966.jpg,0.13878,0.739802,0.121418
11529.jpg,0.076399,0.378254,0.545347
11604.jpg,0.403387,0.539447,0.057166
12483.jpg,0.151769,0.597426,0.250804
12815.jpg,0.097721,0.504804,0.397474
12155.jpg,0.057424,0.519835,0.422742
11660.jpg,0.042167,0.281758,0.676075
12774.jpg,0.06634,0.334277,0.599383
12701.jpg,0.302269,0.561051,0.13668
12024.jpg,0.073414,0.689657,0.236929
11793.jpg,0.231549,0.599538,0.168913
10823.jpg,0.152282,0.688426,0.159291
10189.jpg,0.04814,0.55923,0.39263
11249.jpg,0.093784,0.763951,0.142265
12338.jpg,0.3629,0.587012,0.050088
10204.jpg,0.205667,0.662906,0.131427
13116.jpg,0.030709,0.254373,0.714918
12482.jpg,0.114064,0.454849,0.431087
11751.jpg,0.635971,0.339706,0.024323
10298.jpg,0.455955,0.513671,0.030375
10992.jpg,0.199949,0.27339,0.52666
10744.jpg,0.187282,0.586311,0.226407
11904.jpg,0.101445,0.648386,0.250169
10038.jpg,0.263425,0.620041,0.116534
10212.jpg,0.145854,0.531026,0.32312
10583.jpg,0.077938,0.1721,0.749962
12294.jpg,0.247389,0.658088,0.094523
12667.jpg,0.210983,0.491538,0.297479
12063.jpg,0.143855,0.52311,0.333035
12683.jpg,0.145364,0.569947,0.284689
13482.jpg,0.051107,0.304647,0.644246
12266.jpg,0.042291,0.202117,0.755592
13307.jpg,0.319584,0.577897,0.102519
12859.jpg,0.034439,0.225961,0.7396
10518.jpg,0.067146,0.310025,0.622829
13152.jpg,0.194891,0.459889,0.345221
12402.jpg,0.071485,0.319573,0.608941
10717.jpg,0.381619,0.576548,0.041833
13445.jpg,0.091612,0.416722,0.491667
10159.jpg,0.53237,0.399882,0.067747
12156.jpg,0.347728,0.624268,0.028004
12127.jpg,0.033817,0.199474,0.766709
10397.jpg,0.051362,0.655546,0.293092
11408.jpg,0.125683,0.520435,0.353882
12157.jpg,0.134993,0.613406,0.251601
12881.jpg,0.07293,0.433245,0.493825
10746.jpg,0.542741,0.427213,0.030046
12303.jpg,0.403814,0.565483,0.030703
11377.jpg,0.060071,0.311278,0.628651
10674.jpg,0.525963,0.437756,0.036281
12268.jpg,0.144976,0.452606,0.402419
11815.jpg,0.127466,0.590201,0.282333
10349.jpg,0.192913,0.649436,0.157651
12457.jpg,0.043317,0.214194,0.742489
10916.jpg,0.385164,0.514036,0.1008
10735.jpg,0.112047,0.479668,0.408285
13263.jpg,0.049261,0.292683,0.658056
10733.jpg,0.542789,0.422078,0.035133
11077.jpg,0.177671,0.475291,0.347038
10544.jpg,0.555067,0.37946,0.065474
12092.jpg,0.566363,0.410313,0.023324
11081.jpg,0.075936,0.37255,0.551515
10127.jpg,0.068311,0.689781,0.241908
10604.jpg,0.092886,0.595403,0.311711
10218.jpg,0.201327,0.737637,0.061037
11584.jpg,0.091906,0.632316,0.275777
12990.jpg,0.507261,0.406006,0.086733
11453.jpg,0.107329,0.456932,0.435739
11859.jpg,0.136679,0.799414,0.063907
10297.jpg,0.425055,0.434221,0.140724
13361.jpg,0.116952,0.615431,0.267618
12475.jpg,0.165537,0.52174,0.312723
11035.jpg,0.31835,0.639692,0.041957
11238.jpg,0.039797,0.344846,0.615356
11164.jpg,0.083062,0.378709,0.53823
13026.jpg,0.073316,0.753008,0.173676
12054.jpg,0.159725,0.573704,0.266571
11931.jpg,0.071807,0.681065,0.247128
10634.jpg,0.059943,0.371473,0.568584
11047.jpg,0.096518,0.401575,0.501907
13493.jpg,0.467893,0.519657,0.01245
10488.jpg,0.085977,0.604231,0.309792
12275.jpg,0.033741,0.288097,0.678161
11064.jpg,0.635997,0.339976,0.024026
13375.jpg,0.197528,0.588268,0.214205
10743.jpg,0.178485,0.421344,0.400172
11515.jpg,0.341859,0.622559,0.035582
10719.jpg,0.243584,0.450598,0.305818
12042.jpg,0.134707,0.557345,0.307948
11845.jpg,0.417973,0.546772,0.035256
13018.jpg,0.232747,0.649395,0.117858
10785.jpg,0.208404,0.559647,0.231949
13390.jpg,0.075784,0.607933,0.316283
13315.jpg,0.043771,0.235439,0.720791
11137.jpg,0.039613,0.33133,0.629057
11045.jpg,0.197126,0.613526,0.189347
12650.jpg,0.270527,0.604424,0.125049
10565.jpg,0.285865,0.435174,0.278961
11536.jpg,0.316546,0.608549,0.074905
11505.jpg,0.286757,0.545832,0.16741
10101.jpg,0.311378,0.577226,0.111396
11562.jpg,0.29348,0.588261,0.118259
11934.jpg,0.287865,0.623802,0.088333
13068.jpg,0.166645,0.791211,0.042144
10642.jpg,0.258461,0.587604,0.153934
12346.jpg,0.100378,0.731219,0.168403
10031.jpg,0.164089,0.443419,0.392492
12102.jpg,0.238082,0.518196,0.243723
10787.jpg,0.134264,0.435528,0.430208
11517.jpg,0.101307,0.696183,0.20251
11756.jpg,0.067836,0.349383,0.58278
11465.jpg,0.346596,0.555158,0.098246
12733.jpg,0.19549,0.757814,0.046696
12375.jpg,0.33216,0.588096,0.079744
11188.jpg,0.287792,0.616078,0.09613
12249.jpg,0.133415,0.775612,0.090973
11746.jpg,0.070113,0.627622,0.302266
11587.jpg,0.258223,0.500116,0.241661
13184.jpg,0.074504,0.43762,0.487876
11390.jpg,0.747124,0.241816,0.01106
12707.jpg,0.551397,0.411994,0.036609
12722.jpg,0.180935,0.616502,0.202563
10621.jpg,0.080032,0.582689,0.337279
13138.jpg,0.182448,0.489512,0.32804
12886.jpg,0.631673,0.347358,0.020969
11861.jpg,0.17417,0.684034,0.141796
12621.jpg,0.125743,0.761009,0.113249
12663.jpg,0.075987,0.281192,0.642822
12907.jpg,0.44377,0.454139,0.102091
12679.jpg,0.09193,0.589335,0.318735
10072.jpg,0.066531,0.491921,0.441548
10882.jpg,0.259233,0.572429,0.168338
11699.jpg,0.214548,0.731249,0.054203
10358.jpg,0.423,0.384106,0.192894
10569.jpg,0.313884,0.592065,0.094051
10759.jpg,0.034007,0.304851,0.661143
12284.jpg,0.254794,0.700965,0.044241
10874.jpg,0.498569,0.438838,0.062593
12795.jpg,0.230804,0.577366,0.19183
12646.jpg,0.350543,0.517738,0.131719
12742.jpg,0.343174,0.552445,0.104381
11638.jpg,0.342326,0.557671,0.100002
12048.jpg,0.334225,0.587114,0.078661
10069.jpg,0.616528,0.343397,0.040074
11555.jpg,0.48558,0.491687,0.022732
11372.jpg,0.614377,0.35596,0.029663
11749.jpg,0.325359,0.635042,0.039599
12308.jpg,0.356003,0.556487,0.087511
11911.jpg,0.082335,0.64521,0.272454
10328.jpg,0.152902,0.791647,0.05545
12832.jpg,0.218868,0.539253,0.24188
10231.jpg,0.077956,0.391312,0.530732
11402.jpg,0.159561,0.443149,0.397289
12729.jpg,0.432995,0.510847,0.056158
13070.jpg,0.082999,0.386079,0.530922
12734.jpg,0.399432,0.532264,0.068304
12154.jpg,0.069412,0.37598,0.554608
13382.jpg,0.087747,0.444564,0.467689
11995.jpg,0.256372,0.701878,0.04175
11771.jpg,0.648814,0.328635,0.022551
11429.jpg,0.601295,0.377204,0.021501
13330.jpg,0.12512,0.513889,0.360991
11567.jpg,0.131783,0.733046,0.135171
12004.jpg,0.236506,0.598393,0.165101
13396.jpg,0.103302,0.600293,0.296405
11245.jpg,0.183858,0.698853,0.117289
13150.jpg,0.265986,0.667162,0.066853
12688.jpg,0.364866,0.51709,0.118044
10493.jpg,0.109385,0.53117,0.359445
12062.jpg,0.172232,0.76392,0.063848
10589.jpg,0.762203,0.226155,0.011642
12760.jpg,0.142328,0.778721,0.078951
11381.jpg,0.082829,0.457446,0.459724
11854.jpg,0.561278,0.346078,0.092645
11690.jpg,0.058129,0.553241,0.38863
10172.jpg,0.04112,0.292169,0.666711
11482.jpg,0.42974,0.471297,0.098963
12841.jpg,0.358125,0.488255,0.15362
11358.jpg,0.127169,0.492622,0.380209
13324.jpg,0.050819,0.18126,0.767922
10996.jpg,0.737936,0.248186,0.013879
12425.jpg,0.058504,0.396041,0.545455
12723.jpg,0.199643,0.759578,0.040779
10878.jpg,0.310462,0.657767,0.031771
12867.jpg,0.064648,0.616842,0.31851
10013.jpg,0.098884,0.405901,0.495215
12433.jpg,0.347311,0.455844,0.196845
10005.jpg,0.193594,0.602742,0.203663
10336.jpg,0.238158,0.650739,0.111103
10232.jpg,0.116888,0.43504,0.448072
12661.jpg,0.498565,0.430044,0.071391
10356.jpg,0.034092,0.326972,0.638937
10475.jpg,0.185235,0.753561,0.061204
12011.jpg,0.387126,0.526744,0.08613
10058.jpg,0.733238,0.251531,0.015232
10590.jpg,0.352246,0.487248,0.160507
12036.jpg,0.47314,0.441671,0.085189
12235.jpg,0.268882,0.571013,0.160105
11046.jpg,0.130853,0.510282,0.358866
12957.jpg,0.048993,0.207739,0.743269
12797.jpg,0.038813,0.369161,0.592026
11646.jpg,0.034482,0.221426,0.744092
11128.jpg,0.109704,0.437854,0.452442
13279.jpg,0.291948,0.624189,0.083863
12270.jpg,0.418141,0.518936,0.062924
13135.jpg,0.074076,0.434642,0.491282
10666.jpg,0.116782,0.631574,0.251645
12906.jpg,0.143787,0.573842,0.282371
12278.jpg,0.424319,0.405237,0.170444
10196.jpg,0.235377,0.685096,0.079527
11801.jpg,0.084159,0.787108,0.128733
13235.jpg,0.173888,0.520103,0.306009
12422.jpg,0.457599,0.494751,0.047649
10783.jpg,0.255025,0.516963,0.228011
10580.jpg,0.359564,0.557064,0.083371
13032.jpg,0.096267,0.53636,0.367373
10389.jpg,0.125381,0.705832,0.168787
11768.jpg,0.456047,0.51442,0.029534
11630.jpg,0.055989,0.625513,0.318498
10130.jpg,0.151047,0.787401,0.061551
10792.jpg,0.118751,0.434731,0.446518
11105.jpg,0.253132,0.524335,0.222533
10607.jpg,0.08525,0.466333,0.448417
10945.jpg,0.097883,0.297397,0.604721
10997.jpg,0.12871,0.637863,0.233428
11988.jpg,0.183754,0.483769,0.332478
12770.jpg,0.12398,0.632811,0.243209
11273.jpg,0.063714,0.712026,0.22426
11958.jpg,0.045461,0.273725,0.680814
11912.jpg,0.025143,0.226666,0.748191
13463.jpg,0.144128,0.699156,0.156716
12861.jpg,0.166794,0.558465,0.274741
12461.jpg,0.2983,0.453984,0.247716
12050.jpg,0.026351,0.180653,0.792996
13453.jpg,0.39743,0.402716,0.199854
10322.jpg,0.060757,0.552429,0.386814
11669.jpg,0.164634,0.503787,0.331579
12837.jpg,0.269523,0.565009,0.165468
12769.jpg,0.050533,0.158706,0.790761
11139.jpg,0.132763,0.300514,0.566723
10861.jpg,0.063364,0.215756,0.720881
13431.jpg,0.278485,0.627754,0.09376
11190.jpg,0.228075,0.681318,0.090608
13425.jpg,0.051201,0.386406,0.562393
11898.jpg,0.220444,0.577953,0.201603
11049.jpg,0.533737,0.441669,0.024595
12898.jpg,0.083819,0.224204,0.691977
10040.jpg,0.06047,0.218663,0.720867
11275.jpg,0.146767,0.495387,0.357846
10306.jpg,0.15327,0.503547,0.343183
12394.jpg,0.057815,0.245881,0.696304
12162.jpg,0.168001,0.531042,0.300958
13016.jpg,0.141395,0.4309,0.427704
12753.jpg,0.180657,0.709669,0.109674
12506.jpg,0.209932,0.718528,0.07154
11394.jpg,0.025979,0.238765,0.735255
13344.jpg,0.204491,0.717943,0.077566
11228.jpg,0.313089,0.535937,0.150974
10151.jpg,0.082392,0.427546,0.490063
13505.jpg,0.179172,0.617793,0.203034
12889.jpg,0.201885,0.548586,0.24953
10612.jpg,0.047982,0.175849,0.77617
11586.jpg,0.403202,0.526476,0.070322
11598.jpg,0.035076,0.251031,0.713893
13009.jpg,0.037675,0.26451,0.697815
11478.jpg,0.069262,0.455885,0.474853
10129.jpg,0.086828,0.754855,0.158317
13444.jpg,0.078835,0.336886,0.584278
13040.jpg,0.066881,0.347151,0.585968
11323.jpg,0.352011,0.605054,0.042935
11481.jpg,0.377911,0.533653,0.088436
10230.jpg,0.27142,0.684858,0.043723
12122.jpg,0.06515,0.265637,0.669213
10110.jpg,0.043227,0.377044,0.579728
13148.jpg,0.554371,0.375202,0.070427
12577.jpg,0.450178,0.516583,0.033239
12467.jpg,0.105907,0.701804,0.19229
13231.jpg,0.137594,0.764963,0.097443
13380.jpg,0.262544,0.680059,0.057397
10654.jpg,0.102573,0.620728,0.276698
11708.jpg,0.169802,0.508134,0.322065
13334.jpg,0.059015,0.341011,0.599974
12894.jpg,0.418832,0.503725,0.077443
13113.jpg,0.044224,0.522134,0.433643
12790.jpg,0.052903,0.387502,0.559595
10566.jpg,0.420214,0.38301,0.196776
12716.jpg,0.366166,0.496357,0.137477
12792.jpg,0.054915,0.259332,0.685752
13322.jpg,0.125324,0.495406,0.379269
10171.jpg,0.255404,0.543693,0.200902
12221.jpg,0.390255,0.519832,0.089913
10412.jpg,0.287982,0.626939,0.085079
13421.jpg,0.054127,0.403199,0.542673
12531.jpg,0.572822,0.374478,0.0527
11530.jpg,0.067647,0.515413,0.41694
11893.jpg,0.496951,0.450358,0.05269
12372.jpg,0.095515,0.436172,0.468314
12185.jpg,0.077519,0.469889,0.452592
12095.jpg,0.083338,0.539897,0.376765
11533.jpg,0.546298,0.412061,0.04164
12349.jpg,0.039384,0.31724,0.643376
11205.jpg,0.082361,0.457728,0.459911
12779.jpg,0.21819,0.698098,0.083711
12224.jpg,0.050412,0.70574,0.243847
11937.jpg,0.042994,0.320387,0.636619
11417.jpg,0.16925,0.669598,0.161152
12791.jpg,0.123767,0.392121,0.484113
10317.jpg,0.314102,0.57038,0.115518
12627.jpg,0.140615,0.440115,0.419269
10252.jpg,0.146314,0.553946,0.29974
13163.jpg,0.215533,0.611789,0.172678
10701.jpg,0.047438,0.25724,0.695321
12749.jpg,0.043825,0.236832,0.719343
11396.jpg,0.589874,0.39185,0.018276
11179.jpg,0.795704,0.193042,0.011253
11882.jpg,0.518197,0.455249,0.026553
10582.jpg,0.291288,0.606049,0.102662
11594.jpg,0.131441,0.459183,0.409377
13264.jpg,0.055071,0.301211,0.643718
10509.jpg,0.083744,0.600077,0.316179
13355.jpg,0.215143,0.674364,0.110493
10057.jpg,0.25559,0.620383,0.124026
11380.jpg,0.251305,0.608514,0.140181
10801.jpg,0.177839,0.555993,0.266168
12138.jpg,0.127408,0.281817,0.590775
11616.jpg,0.414617,0.425626,0.159756
12741.jpg,0.133156,0.506263,0.360581
10443.jpg,0.06179,0.604948,0.333262
11355.jpg,0.315336,0.545294,0.13937
10439.jpg,0.034943,0.219022,0.746036
13436.jpg,0.546931,0.404158,0.048911
10233.jpg,0.390597,0.572689,0.036713
13051.jpg,0.188755,0.511209,0.300036
10825.jpg,0.15987,0.498502,0.341628
11837.jpg,0.544224,0.436717,0.019059
10434.jpg,0.095179,0.477348,0.427473
11042.jpg,0.192867,0.532687,0.274445
10506.jpg,0.71456,0.265323,0.020116
11802.jpg,0.096426,0.695569,0.208005
12977.jpg,0.041203,0.21378,0.745017
11194.jpg,0.580736,0.368372,0.050892
11940.jpg,0.371745,0.48351,0.144746
12495.jpg,0.034362,0.249999,0.715639
12958.jpg,0.331971,0.554185,0.113843
11790.jpg,0.353068,0.542529,0.104403
10593.jpg,0.060068,0.198761,0.741172
12590.jpg,0.494867,0.413498,0.091635
12158.jpg,0.256581,0.638397,0.105022
10852.jpg,0.431265,0.505415,0.063319
11346.jpg,0.041991,0.326959,0.631051
11658.jpg,0.036521,0.170148,0.793331
10183.jpg,0.044374,0.277097,0.678529
12940.jpg,0.244642,0.568287,0.18707
10456.jpg,0.242164,0.616977,0.140859
12530.jpg,0.13746,0.478522,0.384018
12223.jpg,0.03295,0.300727,0.666323
10523.jpg,0.141011,0.598467,0.260521
10636.jpg,0.088206,0.758267,0.153527
11315.jpg,0.041185,0.335817,0.622998
12890.jpg,0.116676,0.634755,0.248569
11903.jpg,0.146575,0.463279,0.390146
11657.jpg,0.027035,0.185901,0.787065
12098.jpg,0.14391,0.504419,0.351672
10611.jpg,0.077101,0.518554,0.404346
11262.jpg,0.031426,0.225708,0.742867
13227.jpg,0.162851,0.567012,0.270137
10939.jpg,0.31666,0.643273,0.040067
10657.jpg,0.071614,0.598558,0.329828
10798.jpg,0.482133,0.503797,0.01407
12844.jpg,0.275434,0.442167,0.282399
13201.jpg,0.087332,0.644579,0.26809
10645.jpg,0.19653,0.526652,0.276818
12654.jpg,0.085455,0.803146,0.111399
12403.jpg,0.027247,0.193343,0.77941
10440.jpg,0.028947,0.268919,0.702134
11286.jpg,0.127706,0.525374,0.346921
13312.jpg,0.454745,0.498615,0.04664
11301.jpg,0.499188,0.417221,0.08359
11189.jpg,0.108162,0.743963,0.147875
11091.jpg,0.399151,0.392397,0.208451
13195.jpg,0.237328,0.709515,0.053158
12230.jpg,0.113424,0.769239,0.117337
12452.jpg,0.212969,0.497829,0.289203
10530.jpg,0.186908,0.647403,0.165689
10163.jpg,0.211442,0.681411,0.107148
12419.jpg,0.25692,0.721751,0.021328
10246.jpg,0.069576,0.534349,0.396076
12873.jpg,0.281438,0.449225,0.269337
13131.jpg,0.341699,0.615844,0.042457
10560.jpg,0.276224,0.531824,0.191952
10818.jpg,0.190545,0.673481,0.135974
11860.jpg,0.312793,0.585242,0.101965
10118.jpg,0.362849,0.602931,0.034219
11302.jpg,0.16542,0.772518,0.062062
11596.jpg,0.06633,0.758285,0.175385
12599.jpg,0.038913,0.48396,0.477127
10315.jpg,0.119507,0.425821,0.454671
11122.jpg,0.167995,0.712644,0.119361
12085.jpg,0.24854,0.499962,0.251499
11608.jpg,0.10097,0.618707,0.280323
12399.jpg,0.093508,0.444206,0.462286
12594.jpg,0.161015,0.590745,0.24824
13196.jpg,0.060453,0.462937,0.47661
10354.jpg,0.093884,0.634638,0.271479
13239.jpg,0.294197,0.67592,0.029883
10003.jpg,0.5321,0.459508,0.008393
10772.jpg,0.077866,0.266576,0.655558
11281.jpg,0.039719,0.26439,0.69589
11418.jpg,0.026217,0.195671,0.778112
13383.jpg,0.189776,0.717541,0.092682
10293.jpg,0.484976,0.487914,0.02711
11773.jpg,0.187227,0.659518,0.153256
10842.jpg,0.11583,0.360515,0.523655
11659.jpg,0.036412,0.27336,0.690228
11557.jpg,0.230323,0.622372,0.147305
11195.jpg,0.156378,0.454176,0.389446
13404.jpg,0.26141,0.509976,0.228614
11918.jpg,0.044621,0.463014,0.492365
12607.jpg,0.092422,0.329067,0.578511
10291.jpg,0.254906,0.64995,0.095144
11135.jpg,0.031311,0.293497,0.675192
10951.jpg,0.148777,0.299358,0.551864
10446.jpg,0.718549,0.266909,0.014541
10754.jpg,0.079382,0.562455,0.358163
11247.jpg,0.127557,0.634232,0.238212
10539.jpg,0.226702,0.545368,0.22793
10737.jpg,0.299246,0.587355,0.113399
11019.jpg,0.094917,0.73708,0.168003
10369.jpg,0.074628,0.40995,0.515422
10921.jpg,0.318751,0.629305,0.051944
12540.jpg,0.048297,0.181462,0.770241
11371.jpg,0.07171,0.27621,0.65208
11960.jpg,0.095048,0.667618,0.237334
12252.jpg,0.284184,0.605722,0.110095
11252.jpg,0.158071,0.623914,0.218015
11570.jpg,0.627192,0.324596,0.048212
11842.jpg,0.319362,0.502628,0.178011
10049.jpg,0.037592,0.310112,0.652296
13086.jpg,0.777535,0.206912,0.015552
12194.jpg,0.205702,0.58784,0.206458
10301.jpg,0.114128,0.581031,0.304841
12580.jpg,0.279367,0.383162,0.337472
